Trd, 4318145.943, 69
Trd, 4318146.293, 140
Trd, 4318146.943, 68
Trd, 4318147.643, 104
Trd, 4318148.543, 126
Trd, 4318149.043, 140
Trd, 4318149.943, 140
Trd, 4318152.293, 140
Trd, 4318153.193, 139
Trd, 4318153.443, 137
Trd, 4318153.493, 111
Trd, 4318154.893, 139
Trd, 4318155.443, 140
Trd, 4318155.843, 140
Trd, 4318155.943, 78
Trd, 4318156.443, 62
Trd, 4318157.493, 66
Trd, 4318157.943, 68
Trd, 4318158.593, 64
Trd, 4318160.493, 118
Trd, 4318161.243, 140
Trd, 4318162.843, 140
Trd, 4318164.643, 140
Trd, 4318164.793, 140
Trd, 4318164.843, 139
Trd, 4318165.293, 137
Trd, 4318165.643, 137
Trd, 4318165.693, 112
Trd, 4318165.993, 107
Trd, 4318166.893, 91
Trd, 4318167.693, 98
Trd, 4318167.993, 137
Trd, 4318168.243, 97
Trd, 4318169.843, 90
Trd, 4318170.243, 74
Trd, 4318171.693, 140
Trd, 4318172.293, 139
Trd, 4318172.593, 121
Trd, 4318174.093, 119
Trd, 4318174.493, 70
Trd, 4318174.743, 66
Trd, 4318175.793, 140
Trd, 4318175.843, 140
Trd, 4318176.543, 140
Trd, 4318176.743, 139
Trd, 4318178.593, 87
Trd, 4318179.143, 82
Trd, 4318179.793, 138
Trd, 4318180.943, 140
Trd, 4318181.343, 140
Trd, 4318182.793, 140
Trd, 4318183.493, 121
Trd, 4318184.143, 102
Trd, 4318184.793, 139
Trd, 4318185.043, 140
Trd, 4318186.643, 140
Trd, 4318187.043, 139
Trd, 4318187.743, 136
Trd, 4318187.943, 86
Trd, 4318188.943, 60
Trd, 4318189.593, 86
Trd, 4318190.343, 140
Trd, 4318191.243, 139
Trd, 4318191.393, 119
Trd, 4318192.193, 118
Trd, 4318192.893, 140
Trd, 4318193.193, 140
Trd, 4318194.693, 138
Trd, 4318195.293, 101
Trd, 4318197.343, 140
Trd, 4318198.093, 140
Trd, 4318198.243, 139
Trd, 4318199.093, 140
Trd, 4318199.493, 139
Trd, 4318200.593, 116
Trd, 4318201.143, 108
Trd, 4318201.193, 108
Trd, 4318201.243, 124
Trd, 4318202.093, 77
Trd, 4318202.843, 70
Trd, 4318203.493, 139
Trd, 4318204.593, 139
Trd, 4318205.193, 139
Trd, 4318205.543, 140
Trd, 4318205.643, 139
Trd, 4318207.093, 64
Trd, 4318207.243, 65
Trd, 4318208.093, 63
Trd, 4318208.893, 60
Trd, 4318209.143, 61
Trd, 4318210.093, 140
Trd, 4318210.343, 116
Trd, 4318210.893, 65
Trd, 4318211.243, 104
Trd, 4318212.643, 139
Trd, 4318213.243, 112
Trd, 4318213.793, 61
Trd, 4318214.093, 61
Trd, 4318214.143, 78
Trd, 4318214.843, 125
Trd, 4318216.543, 60
Trd, 4318217.493, 140
Trd, 4318218.143, 138
Trd, 4318218.693, 140
Trd, 4318219.093, 129
Trd, 4318220.393, 140
Trd, 4318221.143, 139
Trd, 4318222.243, 138
Trd, 4318222.443, 107
Trd, 4318222.843, 73
Trd, 4318223.593, 136
Trd, 4318225.243, 139
Trd, 4318225.343, 129
Trd, 4318226.393, 113
Trd, 4318226.943, 63
Trd, 4318227.143, 79
Trd, 4318227.493, 60
Trd, 4318229.093, 137
Trd, 4318229.743, 140
Trd, 4318230.043, 124
Trd, 4318230.193, 76
Trd, 4318230.443, 68
Trd, 4318230.793, 94
Trd, 4318232.193, 139
Trd, 4318232.443, 103
Trd, 4318232.743, 102
Trd, 4318233.143, 140
Trd, 4318234.743, 131
Trd, 4318235.443, 60
Trd, 4318235.843, 62
Trd, 4318237.193, 140
Trd, 4318238.343, 121
Trd, 4318238.393, 110
Trd, 4318239.093, 107
Trd, 4318239.193, 79
Trd, 4318239.643, 88
Trd, 4318242.143, 140
Trd, 4318242.443, 138
Trd, 4318243.193, 140
Trd, 4318243.693, 140
Trd, 4318243.943, 138
Trd, 4318244.843, 138
Trd, 4318245.093, 93
Trd, 4318247.143, 140
Trd, 4318247.243, 113
Trd, 4318247.743, 136
Trd, 4318247.993, 116
Trd, 4318248.843, 140
Trd, 4318249.043, 123
Trd, 4318249.843, 121
Trd, 4318250.793, 100
Trd, 4318251.143, 97
Trd, 4318251.343, 126
Trd, 4318251.793, 102
Trd, 4318252.693, 92
Trd, 4318253.393, 94
Trd, 4318253.893, 60
Trd, 4318254.443, 101
Trd, 4318255.293, 61
Trd, 4318255.743, 140
Trd, 4318255.943, 60
Trd, 4318257.243, 140
Trd, 4318258.443, 98
Trd, 4318258.543, 92
Trd, 4318258.943, 90
Trd, 4318260.143, 62
Trd, 4318261.243, 61
Trd, 4318261.743, 63
Trd, 4318261.893, 68
Trd, 4318262.443, 63
Trd, 4318264.743, 64
Trd, 4318264.893, 102
Trd, 4318265.293, 100
Trd, 4318265.343, 78
Trd, 4318266.143, 65
Trd, 4318266.343, 140
Trd, 4318266.743, 67
Trd, 4318267.843, 61
Trd, 4318267.993, 63
Trd, 4318269.043, 60
Trd, 4318269.093, 60
Trd, 4318270.243, 60
Trd, 4318271.643, 62
Trd, 4318272.293, 60
Trd, 4318272.343, 103
Trd, 4318272.593, 70
Trd, 4318274.843, 60
Trd, 4318274.893, 61
Trd, 4318275.343, 63
Trd, 4318276.093, 66
Trd, 4318276.293, 108
Trd, 4318277.293, 64
Trd, 4318277.493, 64
Trd, 4318277.993, 106
Trd, 4318278.943, 75
Trd, 4318279.193, 107
Trd, 4318279.243, 108
Trd, 4318279.743, 115
Trd, 4318281.243, 61
Trd, 4318281.493, 63
Trd, 4318283.093, 140
Trd, 4318283.593, 139
Trd, 4318283.893, 140
Trd, 4318283.943, 139
Trd, 4318284.243, 78
Trd, 4318285.793, 134
Trd, 4318285.893, 140
Trd, 4318287.893, 138
Trd, 4318287.943, 130
Trd, 4318288.093, 110
Trd, 4318289.443, 140
Trd, 4318289.693, 94
Trd, 4318289.743, 133
Trd, 4318290.393, 140
Trd, 4318290.993, 96
Trd, 4318292.593, 140
Trd, 4318293.543, 140
Trd, 4318293.593, 111
Trd, 4318293.943, 78
Trd, 4318294.843, 140
Trd, 4318295.643, 109
Trd, 4318296.743, 104
Trd, 4318296.943, 92
Trd, 4318297.043, 116
Trd, 4318297.393, 140
Trd, 4318298.293, 108
Trd, 4318300.993, 140
Trd, 4318301.493, 140
Trd, 4318301.693, 140
Trd, 4318302.743, 140
Trd, 4318302.943, 101
Trd, 4318303.293, 94
Trd, 4318304.043, 140
Trd, 4318304.643, 135
Trd, 4318305.193, 128
Trd, 4318306.193, 112
Trd, 4318306.443, 94
Trd, 4318306.693, 61
Trd, 4318307.143, 67
Trd, 4318309.293, 140
Trd, 4318309.543, 140
Trd, 4318310.043, 140
Trd, 4318310.743, 139
Trd, 4318312.943, 140
Trd, 4318313.793, 139
Trd, 4318314.743, 139
Trd, 4318315.043, 139
Trd, 4318315.293, 124
Trd, 4318316.543, 140
Trd, 4318316.593, 139
Trd, 4318318.493, 139
Trd, 4318319.043, 116
Trd, 4318319.243, 106
Trd, 4318319.843, 60
Trd, 4318320.193, 90
Trd, 4318320.893, 140
Trd, 4318321.243, 138
Trd, 4318321.943, 140
Trd, 4318323.593, 140
Trd, 4318324.843, 140
Trd, 4318325.493, 140
Trd, 4318325.693, 114
Trd, 4318327.193, 140
Trd, 4318327.393, 90
Trd, 4318327.593, 81
Trd, 4318327.993, 82
Trd, 4318328.093, 74
Trd, 4318328.193, 83
Trd, 4318329.093, 85
Trd, 4318329.493, 84
Trd, 4318330.443, 62
Trd, 4318330.493, 63
Trd, 4318331.093, 140
Trd, 4318331.343, 136
Trd, 4318332.543, 125
Trd, 4318332.843, 128
Trd, 4318334.943, 99
Trd, 4318335.043, 82
Trd, 4318336.193, 138
Trd, 4318337.493, 140
Trd, 4318337.543, 140
Trd, 4318337.793, 129
Trd, 4318337.993, 127
Trd, 4318338.043, 82
Trd, 4318338.593, 60
Trd, 4318339.793, 63
Trd, 4318340.443, 135
Trd, 4318341.243, 128
Trd, 4318341.543, 140
Trd, 4318342.143, 65
Trd, 4318342.493, 65
Trd, 4318343.143, 62
Trd, 4318344.293, 140
Trd, 4318344.493, 85
Trd, 4318344.693, 96
Trd, 4318344.743, 97
Trd, 4318345.343, 117
Trd, 4318346.693, 85
Trd, 4318347.593, 96
Trd, 4318347.643, 97
Trd, 4318348.143, 118
Trd, 4318348.443, 117
Trd, 4318349.093, 140
Trd, 4318350.093, 121
Trd, 4318350.893, 139
Trd, 4318351.393, 138
Trd, 4318351.443, 62
Trd, 4318352.193, 133
Trd, 4318354.293, 127
Trd, 4318354.493, 88
Trd, 4318355.093, 97
Trd, 4318355.143, 76
Trd, 4318355.593, 139
Trd, 4318356.443, 96
Trd, 4318357.493, 60
Trd, 4318358.593, 61
Trd, 4318358.893, 61
Trd, 4318359.493, 60
Trd, 4318360.643, 60
Trd, 4318360.993, 61
Trd, 4318361.393, 63
Trd, 4318363.393, 140
Trd, 4318363.493, 140
Trd, 4318363.843, 140
Trd, 4318365.043, 139
Trd, 4318365.193, 89
Trd, 4318365.893, 139
Trd, 4318366.343, 64
Trd, 4318367.343, 135
Trd, 4318367.493, 105
Trd, 4318368.793, 62
Trd, 4318369.493, 140
Trd, 4318369.793, 138
Trd, 4318370.493, 95
Trd, 4318371.843, 136
Trd, 4318372.293, 116
Trd, 4318373.293, 140
Trd, 4318373.543, 67
Trd, 4318373.743, 62
Trd, 4318374.143, 137
Trd, 4318375.493, 134
Trd, 4318375.743, 126
Trd, 4318376.793, 61
Trd, 4318377.893, 139
Trd, 4318378.493, 140
Trd, 4318378.593, 139
Trd, 4318379.093, 140
Trd, 4318380.243, 64
Trd, 4318380.393, 65
Trd, 4318381.243, 67
Trd, 4318381.743, 140
Trd, 4318382.493, 140
Trd, 4318382.643, 139
Trd, 4318383.443, 91
Trd, 4318383.593, 75
Trd, 4318383.793, 69
Trd, 4318384.543, 60
Trd, 4318385.143, 138
Trd, 4318386.893, 127
Trd, 4318387.393, 140
Trd, 4318387.593, 94
Trd, 4318388.043, 93
Trd, 4318388.343, 62
Trd, 4318388.843, 110
Trd, 4318389.443, 61
Trd, 4318390.543, 62
Trd, 4318391.143, 135
Trd, 4318391.443, 101
Trd, 4318392.343, 140
Trd, 4318392.893, 121
Trd, 4318393.393, 82
Trd, 4318394.843, 139
Trd, 4318395.293, 138
Trd, 4318395.743, 108
Trd, 4318395.893, 89
Trd, 4318397.143, 140
Trd, 4318397.643, 140
Trd, 4318397.893, 139
Trd, 4318399.043, 133
Trd, 4318399.493, 65
Trd, 4318400.693, 61
Trd, 4318402.993, 140
Trd, 4318403.343, 140
Trd, 4318403.443, 126
Trd, 4318403.643, 116
Trd, 4318403.843, 107
Trd, 4318403.993, 80
Trd, 4318404.743, 139
Trd, 4318405.093, 121
Trd, 4318407.393, 140
Trd, 4318407.993, 140
Trd, 4318408.193, 102
Trd, 4318408.643, 128
Trd, 4318409.393, 69
Trd, 4318409.443, 80
Trd, 4318410.743, 139
Trd, 4318411.093, 138
Trd, 4318411.693, 140
Trd, 4318411.743, 94
Trd, 4318414.043, 140
Trd, 4318415.293, 140
Trd, 4318415.743, 138
Trd, 4318415.793, 115
Trd, 4318415.893, 104
Trd, 4318416.143, 99
Trd, 4318417.693, 140
Trd, 4318417.943, 80
Trd, 4318417.993, 80
Trd, 4318419.293, 131
Trd, 4318419.793, 72
Trd, 4318421.143, 140
Trd, 4318421.793, 139
Trd, 4318421.993, 132
Trd, 4318422.593, 112
Trd, 4318423.243, 127
Trd, 4318424.343, 140
Trd, 4318425.493, 139
Trd, 4318425.843, 138
Trd, 4318426.543, 140
Trd, 4318427.143, 135
Trd, 4318427.643, 139
Trd, 4318428.043, 118
Trd, 4318428.993, 126
Trd, 4318429.293, 109
Trd, 4318429.693, 86
Trd, 4318430.893, 77
Trd, 4318431.993, 62
Trd, 4318432.093, 76
Trd, 4318432.293, 67
Trd, 4318432.593, 90
Trd, 4318433.843, 140
Trd, 4318434.143, 132
Trd, 4318434.793, 71
Trd, 4318435.643, 140
Trd, 4318436.043, 113
Trd, 4318437.093, 110
Trd, 4318437.143, 109
Trd, 4318439.293, 139
Trd, 4318440.093, 137
Trd, 4318440.543, 135
Trd, 4318441.493, 131
Trd, 4318442.643, 140
Trd, 4318442.743, 131
Trd, 4318442.993, 105
Trd, 4318443.443, 101
Trd, 4318446.693, 140
Trd, 4318447.443, 139
Trd, 4318449.093, 140
Trd, 4318450.293, 138
Trd, 4318450.993, 135
Trd, 4318451.893, 127
Trd, 4318451.943, 126
Trd, 4318451.993, 124
Trd, 4318452.643, 113
Trd, 4318454.343, 121
Trd, 4318454.443, 97
Trd, 4318454.643, 129
Trd, 4318454.843, 95
Trd, 4318455.243, 77
Trd, 4318456.293, 140
Trd, 4318456.693, 140
Trd, 4318458.043, 140
Trd, 4318458.443, 139
Trd, 4318458.943, 98
Trd, 4318459.793, 108
Trd, 4318460.143, 139
Trd, 4318460.493, 105
Trd, 4318461.243, 140
Trd, 4318461.843, 139
Trd, 4318462.743, 140
Trd, 4318464.493, 107
Trd, 4318464.743, 102
Trd, 4318465.343, 76
Trd, 4318465.443, 71
Trd, 4318465.893, 112
Trd, 4318468.143, 139
Trd, 4318468.643, 138
Trd, 4318469.243, 117
Trd, 4318469.693, 125
Trd, 4318469.743, 74
Trd, 4318470.293, 63
Trd, 4318470.943, 136
Trd, 4318472.593, 60
Trd, 4318472.843, 60
Trd, 4318473.193, 65
Trd, 4318474.193, 138
Trd, 4318474.843, 139
Trd, 4318475.743, 140
Trd, 4318476.593, 139
Trd, 4318476.693, 124
Trd, 4318476.793, 110
Trd, 4318478.193, 140
Trd, 4318478.243, 94
Trd, 4318478.443, 62
Trd, 4318478.743, 62
Trd, 4318479.593, 127
Trd, 4318481.843, 65
Trd, 4318482.193, 68
Trd, 4318483.093, 102
Trd, 4318483.393, 134
Trd, 4318484.343, 105
Trd, 4318484.493, 138
Trd, 4318484.643, 96
Trd, 4318486.793, 88
Trd, 4318488.193, 111
Trd, 4318488.893, 99
Trd, 4318489.093, 134
Trd, 4318489.193, 92
Trd, 4318489.543, 92
Trd, 4318490.693, 133
Trd, 4318490.843, 134
Trd, 4318491.093, 131
Trd, 4318491.593, 105
Trd, 4318491.993, 139
Trd, 4318492.643, 128
Trd, 4318493.243, 138
Trd, 4318493.793, 91
Trd, 4318495.093, 140
Trd, 4318495.743, 140
Trd, 4318496.343, 130
Trd, 4318496.543, 94
Trd, 4318497.393, 113
Trd, 4318498.193, 138
Trd, 4318498.843, 139
Trd, 4318500.243, 111
Trd, 4318500.893, 93
Trd, 4318501.093, 75
Trd, 4318501.993, 64
Trd, 4318502.343, 69
Trd, 4318502.943, 67
Trd, 4318505.543, 140
Trd, 4318505.893, 137
Trd, 4318506.243, 111
Trd, 4318506.693, 80
Trd, 4318506.893, 140
Trd, 4318508.143, 121
Trd, 4318508.593, 69
Trd, 4318508.893, 97
Trd, 4318509.093, 137
Trd, 4318510.143, 140
Trd, 4318510.243, 119
Trd, 4318510.843, 140
Trd, 4318511.493, 102
Trd, 4318512.093, 139
Trd, 4318512.993, 83
Trd, 4318513.393, 82
Trd, 4318515.043, 138
Trd, 4318516.643, 140
Trd, 4318516.743, 132
Trd, 4318516.993, 106
Trd, 4318517.493, 138
Trd, 4318518.143, 117
Trd, 4318518.593, 91
Trd, 4318520.043, 66
Trd, 4318520.243, 95
Trd, 4318521.543, 139
Trd, 4318522.043, 140
Trd, 4318522.293, 138
Trd, 4318523.893, 130
Trd, 4318524.293, 94
Trd, 4318525.343, 107
Trd, 4318525.793, 135
Trd, 4318526.893, 133
Trd, 4318527.293, 140
Trd, 4318527.343, 136
Trd, 4318528.293, 85
Trd, 4318529.293, 140
Trd, 4318529.843, 130
Trd, 4318530.343, 117
Trd, 4318530.843, 130
Trd, 4318531.293, 137
Trd, 4318532.543, 138
Trd, 4318533.393, 124
Trd, 4318533.643, 92
Trd, 4318534.543, 139
Trd, 4318535.543, 139
Trd, 4318536.543, 135
Trd, 4318536.843, 108
Trd, 4318537.643, 140
Trd, 4318537.743, 139
Trd, 4318537.793, 105
Trd, 4318538.693, 106
Trd, 4318539.743, 139
Trd, 4318540.793, 140
Trd, 4318541.893, 137
Trd, 4318542.293, 140
Trd, 4318543.193, 138
Trd, 4318543.293, 124
Trd, 4318544.293, 101
Trd, 4318544.443, 125
Trd, 4318544.943, 123
Trd, 4318545.093, 69
Trd, 4318546.743, 89
Trd, 4318547.943, 140
Trd, 4318548.143, 138
Trd, 4318548.243, 115
Trd, 4318549.693, 140
Trd, 4318549.993, 138
Trd, 4318551.293, 138
Trd, 4318551.493, 131
Trd, 4318552.893, 140
Trd, 4318553.043, 140
Trd, 4318554.143, 139
Trd, 4318554.893, 140
Trd, 4318555.793, 129
Trd, 4318556.143, 90
Trd, 4318557.443, 140
Trd, 4318557.543, 140
Trd, 4318557.843, 129
Trd, 4318558.793, 139
Trd, 4318559.393, 139
Trd, 4318559.493, 139
Trd, 4318561.443, 140
Trd, 4318562.143, 97
Trd, 4318563.643, 105
Trd, 4318565.693, 140
Trd, 4318565.793, 138
Trd, 4318566.243, 139
Trd, 4318566.443, 113
Trd, 4318566.893, 139
Trd, 4318567.193, 113
Trd, 4318567.343, 112
Trd, 4318571.143, 140
Trd, 4318571.393, 140
Trd, 4318571.543, 137
Trd, 4318571.643, 121
Trd, 4318571.793, 137
Trd, 4318573.293, 80
Trd, 4318573.893, 62
Trd, 4318575.043, 97
Trd, 4318575.693, 140
Trd, 4318575.743, 108
Trd, 4318577.093, 140
Trd, 4318577.393, 139
Trd, 4318577.993, 138
Trd, 4318579.493, 140
Trd, 4318579.843, 140
Trd, 4318579.993, 136
Trd, 4318580.843, 70
Trd, 4318582.493, 139
Trd, 4318583.043, 134
Trd, 4318583.343, 140
Trd, 4318583.793, 138
Trd, 4318583.943, 114
Trd, 4318585.343, 138
Trd, 4318585.593, 112
Trd, 4318586.393, 101
Trd, 4318586.443, 100
Trd, 4318586.993, 83
Trd, 4318587.043, 130
Trd, 4318588.743, 140
Trd, 4318588.943, 139
Trd, 4318589.493, 73
Trd, 4318590.143, 140
Trd, 4318590.293, 66
Trd, 4318591.843, 60
Trd, 4318592.693, 61
Trd, 4318592.893, 62
Trd, 4318592.943, 65
Trd, 4318594.543, 140
Trd, 4318595.243, 136
Trd, 4318596.543, 62
Trd, 4318597.143, 62
Trd, 4318597.193, 69
Trd, 4318597.493, 124
Trd, 4318598.043, 82
Trd, 4318599.243, 74
Trd, 4318599.643, 115
Trd, 4318601.443, 140
Trd, 4318602.243, 140
Trd, 4318602.943, 140
Trd, 4318603.293, 140
Trd, 4318603.643, 139
Trd, 4318603.693, 133
Trd, 4318604.243, 88
Trd, 4318605.793, 61
Trd, 4318606.593, 69
Trd, 4318606.693, 70
Trd, 4318607.943, 137
Trd, 4318608.193, 137
Trd, 4318611.043, 140
Trd, 4318611.093, 140
Trd, 4318611.293, 140
Trd, 4318611.893, 90
Trd, 4318612.793, 139
Trd, 4318612.893, 135
Trd, 4318612.993, 112
Trd, 4318614.843, 140
Trd, 4318615.293, 116
Trd, 4318615.343, 101
Trd, 4318615.593, 61
Trd, 4318616.343, 107
Trd, 4318616.693, 140
Trd, 4318617.943, 60
Trd, 4318618.443, 60
Trd, 4318618.593, 61
Trd, 4318618.993, 140
Trd, 4318619.943, 139
Trd, 4318620.143, 119
Trd, 4318622.593, 119
Trd, 4318623.693, 140
Trd, 4318624.193, 140
Trd, 4318624.643, 140
Trd, 4318626.193, 138
Trd, 4318627.793, 139
Trd, 4318628.093, 139
Trd, 4318628.843, 139
Trd, 4318628.893, 132
Trd, 4318629.443, 138
Trd, 4318629.593, 114
Trd, 4318630.343, 121
Trd, 4318630.693, 140
Trd, 4318631.193, 140
Trd, 4318632.243, 112
Trd, 4318632.743, 121
Trd, 4318634.393, 94
Trd, 4318634.743, 119
Trd, 4318634.793, 78
Trd, 4318634.993, 73
Trd, 4318636.043, 90
Trd, 4318636.593, 140
Trd, 4318637.693, 100
Trd, 4318637.843, 96
Trd, 4318638.443, 140
Trd, 4318638.993, 140
Trd, 4318639.843, 138
Trd, 4318640.893, 140
Trd, 4318640.993, 140
Trd, 4318642.993, 140
Trd, 4318643.343, 140
Trd, 4318643.493, 99
Trd, 4318643.943, 122
Trd, 4318644.593, 136
Trd, 4318645.093, 134
Trd, 4318645.143, 79
Trd, 4318645.393, 138
Trd, 4318646.993, 68
Trd, 4318648.443, 105
Trd, 4318648.493, 109
Trd, 4318648.943, 72
Trd, 4318649.293, 70
Trd, 4318650.193, 60
Trd, 4318650.293, 60
Trd, 4318650.743, 61
Trd, 4318651.243, 65
Trd, 4318651.943, 61
Trd, 4318652.443, 70
Trd, 4318653.643, 63
Trd, 4318654.393, 64
Trd, 4318654.893, 105
Trd, 4318655.843, 62
Trd, 4318655.993, 66
Trd, 4318656.693, 60
Trd, 4318657.543, 61
Trd, 4318657.743, 64
Trd, 4318658.343, 137
Trd, 4318659.843, 140
Trd, 4318660.143, 140
Trd, 4318660.243, 140
Trd, 4318661.493, 105
Trd, 4318661.593, 112
Trd, 4318663.293, 134
Trd, 4318663.893, 128
Trd, 4318664.393, 124
Trd, 4318664.943, 140
Trd, 4318665.643, 132
Trd, 4318666.143, 98
Trd, 4318666.443, 133
Trd, 4318667.043, 64
Trd, 4318667.793, 65
Trd, 4318667.843, 70
Trd, 4318668.243, 65
Trd, 4318669.143, 62
Trd, 4318669.493, 70
Trd, 4318670.493, 140
Trd, 4318672.143, 122
Trd, 4318672.243, 119
Trd, 4318672.543, 138
Trd, 4318672.693, 114
Trd, 4318674.543, 136
Trd, 4318674.943, 94
Trd, 4318675.293, 108
Trd, 4318675.693, 121
Trd, 4318675.843, 133
Trd, 4318677.993, 132
Trd, 4318678.843, 131
Trd, 4318679.243, 139
Trd, 4318679.593, 140
Trd, 4318680.543, 107
Trd, 4318680.893, 92
Trd, 4318680.993, 70
Trd, 4318681.693, 69
Trd, 4318682.493, 60
Trd, 4318682.743, 60
Trd, 4318683.643, 138
Trd, 4318683.743, 67
Trd, 4318684.743, 140
Trd, 4318686.643, 140
Trd, 4318687.543, 140
Trd, 4318688.143, 136
Trd, 4318688.243, 138
Trd, 4318689.493, 134
Trd, 4318689.743, 140
Trd, 4318690.243, 72
Trd, 4318691.243, 140
Trd, 4318692.243, 87
Trd, 4318692.643, 139
Trd, 4318693.043, 120
Trd, 4318694.193, 126
Trd, 4318695.693, 140
Trd, 4318696.443, 140
Trd, 4318696.593, 135
Trd, 4318697.093, 94
Trd, 4318698.543, 140
Trd, 4318699.343, 140
Trd, 4318699.793, 136
Trd, 4318700.893, 140
Trd, 4318701.393, 139
Trd, 4318701.593, 110
Trd, 4318703.093, 140
Trd, 4318704.793, 140
Trd, 4318704.993, 140
Trd, 4318705.293, 140
Trd, 4318705.493, 123
Trd, 4318705.543, 80
Trd, 4318707.093, 140
Trd, 4318707.593, 140
Trd, 4318708.693, 140
Trd, 4318708.893, 120
Trd, 4318709.043, 115
Trd, 4318710.793, 140
Trd, 4318711.093, 140
Trd, 4318712.843, 140
Trd, 4318713.443, 140
Trd, 4318714.193, 112
Trd, 4318714.343, 136
Trd, 4318714.993, 139
Trd, 4318715.593, 115
Trd, 4318715.643, 65
Trd, 4318716.043, 140
Trd, 4318716.943, 140
Trd, 4318719.693, 140
Trd, 4318719.843, 140
Trd, 4318719.943, 121
Trd, 4318720.293, 113
Trd, 4318721.343, 138
Trd, 4318721.593, 103
Trd, 4318722.593, 140
Trd, 4318723.193, 140
Trd, 4318723.293, 100
Trd, 4318723.793, 140
Trd, 4318725.093, 140
Trd, 4318725.793, 139
Trd, 4318725.893, 125
Trd, 4318726.543, 107
Trd, 4318726.993, 92
Trd, 4318728.043, 66
Trd, 4318729.243, 90
Trd, 4318730.043, 139
Trd, 4318730.443, 124
Trd, 4318730.643, 120
Trd, 4318731.043, 107
Trd, 4318731.193, 84
Trd, 4318731.393, 65
Trd, 4318732.493, 65
Trd, 4318732.593, 65
Trd, 4318733.893, 62
Trd, 4318734.193, 140
Trd, 4318735.693, 71
Trd, 4318736.993, 116
Trd, 4318739.443, 140
Trd, 4318739.543, 140
Trd, 4318739.893, 113
Trd, 4318740.243, 63
Trd, 4318740.293, 65
Trd, 4318741.943, 140
Trd, 4318742.143, 105
Trd, 4318742.343, 136
Trd, 4318743.243, 74
Trd, 4318743.693, 73
Trd, 4318744.893, 138
Trd, 4318745.943, 140
Trd, 4318746.343, 140
Trd, 4318746.893, 136
Trd, 4318747.443, 126
Trd, 4318747.893, 139
Trd, 4318748.793, 137
Trd, 4318748.993, 126
Trd, 4318749.093, 75
Trd, 4318749.643, 140
Trd, 4318751.393, 130
Trd, 4318751.793, 67
Trd, 4318752.243, 110
Trd, 4318753.843, 140
Trd, 4318753.943, 139
Trd, 4318754.693, 139
Trd, 4318756.593, 123
Trd, 4318756.743, 122
Trd, 4318757.093, 120
Trd, 4318757.693, 129
Trd, 4318758.093, 124
Trd, 4318759.443, 139
Trd, 4318760.143, 139
Trd, 4318760.343, 98
Trd, 4318761.443, 140
Trd, 4318761.893, 129
Trd, 4318762.443, 117
Trd, 4318762.943, 140
Trd, 4318763.693, 116
Trd, 4318764.093, 90
Trd, 4318764.243, 135
Trd, 4318765.643, 140
Trd, 4318766.593, 108
Trd, 4318767.193, 92
Trd, 4318768.043, 70
Trd, 4318768.143, 60
Trd, 4318768.793, 135
Trd, 4318770.093, 125
Trd, 4318770.243, 64
Trd, 4318770.843, 63
Trd, 4318772.443, 140
Trd, 4318773.043, 140
Trd, 4318773.393, 139
Trd, 4318773.593, 139
Trd, 4318773.943, 139
Trd, 4318774.443, 109
Trd, 4318775.943, 117
Trd, 4318776.093, 114
Trd, 4318776.243, 137
Trd, 4318776.893, 140
Trd, 4318777.393, 65
Trd, 4318779.493, 72
Trd, 4318780.493, 139
Trd, 4318780.543, 138
Trd, 4318781.693, 139
Trd, 4318781.893, 140
Trd, 4318782.093, 127
Trd, 4318782.143, 100
Trd, 4318782.493, 97
Trd, 4318783.643, 62
Trd, 4318783.693, 90
Trd, 4318784.043, 131
Trd, 4318785.043, 140
Trd, 4318785.393, 140
Trd, 4318785.593, 122
Trd, 4318786.643, 122
Trd, 4318787.893, 139
Trd, 4318788.643, 111
Trd, 4318788.793, 89
Trd, 4318790.393, 140
Trd, 4318790.643, 138
Trd, 4318790.793, 128
Trd, 4318792.793, 140
Trd, 4318792.893, 138
Trd, 4318794.093, 73
Trd, 4318794.393, 64
Trd, 4318794.793, 139
Trd, 4318796.243, 140
Trd, 4318796.593, 138
Trd, 4318797.493, 133
Trd, 4318797.643, 119
Trd, 4318798.243, 137
Trd, 4318799.443, 61
Trd, 4318799.793, 64
Trd, 4318800.093, 61
Trd, 4318800.543, 97
Trd, 4318802.393, 95
Trd, 4318802.643, 97
Trd, 4318802.993, 69
Trd, 4318803.293, 98
Trd, 4318804.443, 140
Trd, 4318804.543, 140
Trd, 4318805.593, 68
Trd, 4318805.893, 60
Trd, 4318806.543, 65
Trd, 4318806.843, 118
Trd, 4318808.693, 117
Trd, 4318808.793, 135
Trd, 4318809.193, 108
Trd, 4318809.843, 140
Trd, 4318810.193, 140
Trd, 4318810.393, 140
Trd, 4318810.893, 140
Trd, 4318812.643, 137
Trd, 4318812.793, 64
Trd, 4318813.493, 61
Trd, 4318813.693, 128
Trd, 4318813.993, 127
Trd, 4318814.443, 70
Trd, 4318814.893, 139
Trd, 4318816.193, 60
Trd, 4318817.893, 101
Trd, 4318818.143, 100
Trd, 4318818.443, 81
Trd, 4318819.543, 99
Trd, 4318820.843, 60
Trd, 4318821.043, 65
Trd, 4318821.243, 64
Trd, 4318821.443, 66
Trd, 4318821.793, 92
Trd, 4318823.443, 60
Trd, 4318823.743, 60
Trd, 4318823.793, 66
Trd, 4318824.143, 62
Trd, 4318825.443, 76
Trd, 4318825.593, 78
Trd, 4318825.693, 74
Trd, 4318825.943, 124
Trd, 4318826.893, 137
Trd, 4318827.693, 140
Trd, 4318827.843, 116
Trd, 4318828.693, 140
Trd, 4318828.993, 140
Trd, 4318829.893, 102
Trd, 4318830.143, 140
Trd, 4318832.143, 138
Trd, 4318832.393, 112
Trd, 4318833.143, 132
Trd, 4318833.343, 100
Trd, 4318833.893, 93
Trd, 4318834.293, 82
Trd, 4318834.593, 115
Trd, 4318835.143, 61
Trd, 4318836.943, 111
Trd, 4318837.643, 138
Trd, 4318837.693, 138
Trd, 4318838.943, 136
Trd, 4318839.093, 139
Trd, 4318839.293, 102
Trd, 4318840.893, 96
Trd, 4318841.143, 86
Trd, 4318841.293, 115
Trd, 4318842.243, 140
Trd, 4318842.493, 113
Trd, 4318842.993, 75
Trd, 4318843.093, 70
Trd, 4318843.793, 75
Trd, 4318845.243, 62
Trd, 4318846.393, 60
Trd, 4318847.293, 60
Trd, 4318847.393, 61
Trd, 4318847.443, 68
Trd, 4318847.893, 140
Trd, 4318847.993, 140
Trd, 4318849.393, 138
Trd, 4318849.993, 61
Trd, 4318851.193, 61
Trd, 4318851.743, 64
Trd, 4318852.043, 62
Trd, 4318852.293, 73
Trd, 4318853.343, 61
Trd, 4318853.493, 92
Trd, 4318855.193, 128
Trd, 4318855.793, 107
Trd, 4318856.093, 125
Trd, 4318856.143, 91
Trd, 4318856.943, 138
Trd, 4318857.243, 64
Trd, 4318858.743, 129
Trd, 4318858.793, 111
Trd, 4318859.543, 103
Trd, 4318861.143, 140
Trd, 4318861.293, 140
Trd, 4318862.143, 140
Trd, 4318862.443, 119
Trd, 4318863.143, 114
Trd, 4318864.143, 118
Trd, 4318864.593, 126
Trd, 4318865.293, 140
Trd, 4318867.343, 140
Trd, 4318867.743, 140
Trd, 4318868.243, 136
Trd, 4318868.643, 107
Trd, 4318869.343, 119
Trd, 4318869.493, 93
Trd, 4318869.743, 71
Trd, 4318870.643, 64
Trd, 4318871.493, 79
Trd, 4318871.793, 94
Trd, 4318873.143, 60
Trd, 4318873.193, 63
Trd, 4318875.143, 140
Trd, 4318875.193, 140
Trd, 4318875.443, 129
Trd, 4318877.193, 86
Trd, 4318877.643, 61
Trd, 4318877.943, 103
Trd, 4318880.593, 140
Trd, 4318881.393, 137
Trd, 4318882.043, 137
Trd, 4318882.493, 137
Trd, 4318882.543, 122
Trd, 4318883.393, 95
Trd, 4318883.893, 139
Trd, 4318883.993, 92
Trd, 4318884.343, 66
Trd, 4318885.193, 121
Trd, 4318886.193, 63
Trd, 4318888.593, 137
Trd, 4318888.793, 109
Trd, 4318889.443, 139
Trd, 4318889.493, 109
Trd, 4318889.993, 138
Trd, 4318890.593, 113
Trd, 4318892.093, 62
Trd, 4318893.293, 140
Trd, 4318893.343, 131
Trd, 4318893.493, 70
Trd, 4318894.343, 92
Trd, 4318894.943, 108
Trd, 4318895.043, 77
Trd, 4318895.643, 128
Trd, 4318897.193, 140
Trd, 4318897.893, 65
Trd, 4318898.243, 70
Trd, 4318898.793, 69
Trd, 4318899.643, 63
Trd, 4318899.993, 119
Trd, 4318902.093, 139
Trd, 4318902.143, 137
Trd, 4318902.643, 66
Trd, 4318903.743, 60
Trd, 4318904.243, 60
Trd, 4318904.993, 61
Trd, 4318905.293, 61
Trd, 4318905.793, 63
Trd, 4318907.343, 60
Trd, 4318907.543, 61
Trd, 4318907.843, 65
Trd, 4318909.093, 61
Trd, 4318909.343, 66
Trd, 4318910.243, 63
Trd, 4318910.293, 68
Trd, 4318910.543, 62
Trd, 4318910.793, 104
Trd, 4318911.243, 138
Trd, 4318911.943, 63
Trd, 4318913.193, 137
Trd, 4318913.593, 71
Trd, 4318914.143, 113
Trd, 4318915.693, 129
Trd, 4318917.143, 139
Trd, 4318917.193, 121
Trd, 4318917.593, 112
Trd, 4318918.443, 109
Trd, 4318919.543, 140
Trd, 4318919.743, 139
Trd, 4318920.193, 140
Trd, 4318920.643, 138
Trd, 4318920.893, 109
Trd, 4318921.593, 140
Trd, 4318922.543, 106
Trd, 4318923.043, 71
Trd, 4318924.443, 140
Trd, 4318924.493, 109
Trd, 4318924.943, 88
Trd, 4318925.343, 122
Trd, 4318926.993, 63
Trd, 4318928.193, 126
Trd, 4318928.443, 66
Trd, 4318929.043, 139
Trd, 4318929.643, 85
Trd, 4318930.593, 140
Trd, 4318931.543, 115
Trd, 4318931.593, 104
Trd, 4318932.243, 104
Trd, 4318932.643, 103
Trd, 4318933.193, 86
Trd, 4318933.243, 115
Trd, 4318933.293, 116
Trd, 4318933.793, 68
Trd, 4318935.993, 135
Trd, 4318936.943, 140
Trd, 4318937.193, 140
Trd, 4318937.743, 112
Trd, 4318938.343, 140
Trd, 4318938.993, 138
Trd, 4318939.243, 80
Trd, 4318941.193, 60
Trd, 4318941.343, 73
Trd, 4318941.893, 86
Trd, 4318942.493, 140
Trd, 4318943.393, 139
Trd, 4318943.743, 73
Trd, 4318944.393, 139
Trd, 4318944.943, 96
Trd, 4318945.343, 104
Trd, 4318946.593, 101
Trd, 4318947.593, 61
Trd, 4318948.143, 140
Trd, 4318949.193, 140
Trd, 4318949.443, 139
Trd, 4318950.793, 127
Trd, 4318950.993, 100
Trd, 4318951.443, 139
Trd, 4318951.643, 84
Trd, 4318952.893, 126
Trd, 4318953.143, 101
Trd, 4318953.643, 98
Trd, 4318953.943, 70
Trd, 4318955.043, 104
Trd, 4318955.743, 85
Trd, 4318955.893, 140
Trd, 4318956.343, 139
Trd, 4318958.743, 128
Trd, 4318958.893, 136
Trd, 4318959.593, 137
Trd, 4318959.793, 110
Trd, 4318961.343, 117
Trd, 4318961.643, 111
Trd, 4318962.393, 140
Trd, 4318962.843, 140
Trd, 4318963.193, 91
Trd, 4318963.893, 89
Trd, 4318964.143, 102
Trd, 4318964.693, 137
Trd, 4318965.593, 135
Trd, 4318965.843, 137
Trd, 4318966.493, 92
Trd, 4318967.993, 139
Trd, 4318968.243, 123
Trd, 4318968.343, 117
Trd, 4318969.593, 134
Trd, 4318969.743, 131
Trd, 4318971.393, 117
Trd, 4318971.543, 103
Trd, 4318973.093, 139
Trd, 4318974.143, 136
Trd, 4318974.293, 121
Trd, 4318975.143, 123
Trd, 4318975.943, 129
Trd, 4318976.343, 137
Trd, 4318976.543, 128
Trd, 4318977.793, 140
Trd, 4318978.143, 103
Trd, 4318978.693, 125
Trd, 4318979.643, 126
Trd, 4318979.993, 119
Trd, 4318980.243, 133
Trd, 4318981.043, 140
Trd, 4318981.793, 140
Trd, 4318982.093, 140
Trd, 4318983.043, 113
Trd, 4318984.043, 139
Trd, 4318985.743, 140
Trd, 4318986.293, 106
Trd, 4318987.293, 140
Trd, 4318987.743, 139
Trd, 4318988.143, 137
Trd, 4318988.243, 108
Trd, 4318988.343, 68
Trd, 4318990.093, 69
Trd, 4318990.343, 138
Trd, 4318991.543, 140
Trd, 4318991.643, 140
Trd, 4318993.393, 133
Trd, 4318994.143, 104
Trd, 4318994.993, 140
Trd, 4318995.243, 138
Trd, 4318997.393, 139
Trd, 4318997.993, 140
Trd, 4318999.143, 140
Trd, 4319000.093, 140
Trd, 4319000.443, 119
Trd, 4319001.493, 137
Trd, 4319001.593, 137
Trd, 4319001.693, 93
Trd, 4319002.193, 74
Trd, 4319002.643, 69
Trd, 4319004.143, 65
Trd, 4319004.293, 66
Trd, 4319004.643, 65
Trd, 4319005.443, 63
Trd, 4319005.893, 61
Trd, 4319006.193, 61
Trd, 4319006.943, 90
Trd, 4319007.693, 101
Trd, 4319008.443, 137
Trd, 4319009.593, 140
Trd, 4319009.893, 140
Trd, 4319010.243, 92
Trd, 4319010.443, 72
Trd, 4319010.743, 72
Trd, 4319011.493, 69
Trd, 4319012.293, 62
Trd, 4319012.443, 63
Trd, 4319012.993, 76
Trd, 4319013.943, 65
Trd, 4319014.443, 61
Trd, 4319015.293, 140
Trd, 4319015.593, 126
Trd, 4319016.443, 108
Trd, 4319016.993, 72
Trd, 4319018.193, 140
Trd, 4319019.143, 140
Trd, 4319020.093, 137
Trd, 4319020.343, 114
Trd, 4319020.943, 113
Trd, 4319021.293, 90
Trd, 4319021.743, 110
Trd, 4319022.193, 84
Trd, 4319023.293, 140
Trd, 4319024.243, 131
Trd, 4319024.743, 133
Trd, 4319024.843, 130
Trd, 4319026.793, 140
Trd, 4319026.943, 122
Trd, 4319027.543, 109
Trd, 4319028.843, 60
Trd, 4319029.043, 60
Trd, 4319029.393, 60
Trd, 4319029.993, 140
Trd, 4319030.093, 140
Trd, 4319030.243, 71
Trd, 4319031.893, 140
Trd, 4319032.193, 125
Trd, 4319032.243, 124
Trd, 4319033.393, 140
Trd, 4319034.343, 140
Trd, 4319034.793, 112
Trd, 4319037.443, 140
Trd, 4319037.793, 140
Trd, 4319038.143, 140
Trd, 4319038.343, 137
Trd, 4319038.693, 119
Trd, 4319040.143, 128
Trd, 4319041.493, 140
Trd, 4319042.043, 140
Trd, 4319042.093, 140
Trd, 4319042.293, 129
Trd, 4319042.943, 132
Trd, 4319043.693, 121
Trd, 4319043.893, 104
Trd, 4319044.593, 65
Trd, 4319045.243, 60
Trd, 4319045.643, 60
Trd, 4319047.143, 62
Trd, 4319047.393, 69
Trd, 4319048.393, 140
Trd, 4319049.843, 139
Trd, 4319049.943, 122
Trd, 4319050.293, 140
Trd, 4319050.593, 140
Trd, 4319051.793, 128
Trd, 4319051.943, 107
Trd, 4319053.943, 140
Trd, 4319055.293, 140
Trd, 4319056.243, 138
Trd, 4319056.843, 140
Trd, 4319057.043, 137
Trd, 4319057.843, 89
Trd, 4319058.193, 64
Trd, 4319059.593, 62
Trd, 4319059.943, 62
Trd, 4319060.143, 62
Trd, 4319060.493, 99
Trd, 4319060.793, 120
Trd, 4319062.093, 89
Trd, 4319062.443, 140
Trd, 4319062.743, 137
Trd, 4319063.243, 137
Trd, 4319065.743, 140
Trd, 4319066.743, 140
Trd, 4319067.093, 139
Trd, 4319068.243, 140
Trd, 4319069.193, 140
Trd, 4319069.993, 125
Trd, 4319070.193, 124
Trd, 4319071.343, 139
Trd, 4319071.743, 122
Trd, 4319073.293, 140
Trd, 4319074.043, 140
Trd, 4319074.343, 134
Trd, 4319075.393, 89
Trd, 4319075.943, 97
Trd, 4319076.193, 99
Trd, 4319076.993, 62
Trd, 4319078.393, 63
Trd, 4319078.593, 72
Trd, 4319079.943, 140
Trd, 4319079.993, 134
Trd, 4319080.793, 100
Trd, 4319081.893, 140
Trd, 4319082.043, 139
Trd, 4319082.143, 138
Trd, 4319082.493, 106
Trd, 4319082.943, 60
Trd, 4319083.243, 60
Trd, 4319083.943, 140
Trd, 4319084.993, 60
Trd, 4319086.243, 60
Trd, 4319087.243, 62
Trd, 4319087.343, 65
Trd, 4319087.643, 134
Trd, 4319088.093, 61
Trd, 4319088.743, 134
Trd, 4319089.343, 60
Trd, 4319089.993, 62
Trd, 4319090.443, 63
Trd, 4319091.393, 110
Trd, 4319092.343, 140
Trd, 4319092.543, 139
Trd, 4319093.393, 110
Trd, 4319095.043, 140
Trd, 4319095.093, 119
Trd, 4319095.343, 107
Trd, 4319095.943, 120
Trd, 4319097.743, 63
Trd, 4319097.893, 64
Trd, 4319098.043, 90
Trd, 4319098.143, 126
Trd, 4319098.993, 138
Trd, 4319099.543, 139
Trd, 4319099.643, 138
Trd, 4319099.693, 137
Trd, 4319101.443, 137
Trd, 4319102.343, 116
Trd, 4319103.093, 105
Trd, 4319103.193, 85
Trd, 4319104.293, 138
Trd, 4319104.643, 60
Trd, 4319105.693, 140
Trd, 4319106.643, 60
Trd, 4319106.843, 140
Trd, 4319107.693, 60
Trd, 4319107.793, 60
Trd, 4319109.743, 75
Trd, 4319109.843, 121
Trd, 4319110.143, 90
Trd, 4319110.343, 69
Trd, 4319112.193, 60
Trd, 4319112.443, 61
Trd, 4319112.493, 63
Trd, 4319112.543, 99
Trd, 4319113.493, 107
Trd, 4319113.543, 84
Trd, 4319114.093, 110
Trd, 4319115.343, 140
Trd, 4319115.593, 132
Trd, 4319115.643, 107
Trd, 4319116.543, 107
Trd, 4319117.493, 67
Trd, 4319118.443, 140
Trd, 4319119.493, 140
Trd, 4319120.443, 137
Trd, 4319120.543, 139
Trd, 4319121.643, 136
Trd, 4319122.293, 140
Trd, 4319122.593, 139
Trd, 4319122.793, 116
Trd, 4319123.793, 140
Trd, 4319123.843, 98
Trd, 4319123.943, 78
Trd, 4319125.493, 140
Trd, 4319126.343, 125
Trd, 4319126.993, 136
Trd, 4319127.343, 114
Trd, 4319129.293, 140
Trd, 4319129.643, 125
Trd, 4319129.743, 99
Trd, 4319129.943, 97
Trd, 4319130.643, 140
Trd, 4319130.693, 136
Trd, 4319131.993, 63
Trd, 4319132.393, 60
Trd, 4319133.443, 66
Trd, 4319135.393, 92
Trd, 4319136.093, 140
Trd, 4319137.343, 140
Trd, 4319137.443, 140
Trd, 4319137.643, 119
Trd, 4319137.893, 108
Trd, 4319138.693, 139
Trd, 4319141.143, 140
Trd, 4319141.593, 140
Trd, 4319142.243, 104
Trd, 4319142.943, 89
Trd, 4319143.143, 72
Trd, 4319144.193, 96
Trd, 4319144.693, 68
Trd, 4319145.943, 62
Trd, 4319146.343, 63
Trd, 4319146.743, 127
Trd, 4319146.943, 85
Trd, 4319147.893, 63
Trd, 4319148.493, 63
Trd, 4319148.843, 61
Trd, 4319148.943, 68
Trd, 4319149.643, 108
Trd, 4319150.943, 63
Trd, 4319151.743, 64
Trd, 4319151.893, 61
Trd, 4319152.343, 75
Trd, 4319152.843, 77
Trd, 4319153.843, 140
Trd, 4319155.143, 63
Trd, 4319155.593, 61
Trd, 4319156.343, 140
Trd, 4319156.393, 140
Trd, 4319157.543, 135
Trd, 4319158.643, 114
Trd, 4319159.093, 98
Trd, 4319159.143, 96
Trd, 4319159.443, 110
Trd, 4319159.543, 76
Trd, 4319160.743, 140
Trd, 4319160.993, 139
Trd, 4319162.743, 62
Trd, 4319163.443, 66
Trd, 4319165.643, 140
Trd, 4319166.243, 140
Trd, 4319166.293, 140
Trd, 4319166.593, 139
Trd, 4319166.743, 138
Trd, 4319167.943, 139
Trd, 4319169.143, 140
Trd, 4319169.293, 139
Trd, 4319169.593, 112
Trd, 4319170.443, 130
Trd, 4319171.343, 131
Trd, 4319171.843, 140
Trd, 4319172.543, 108
Trd, 4319172.593, 105
Trd, 4319175.493, 140
Trd, 4319175.643, 137
Trd, 4319176.043, 109
Trd, 4319176.193, 122
Trd, 4319176.493, 108
Trd, 4319176.643, 107
Trd, 4319178.693, 60
Trd, 4319179.243, 140
Trd, 4319180.543, 140
Trd, 4319180.943, 140
Trd, 4319181.093, 135
Trd, 4319182.843, 138
Trd, 4319182.943, 124
Trd, 4319183.443, 121
Trd, 4319184.243, 140
Trd, 4319184.593, 105
Trd, 4319184.743, 90
Trd, 4319186.043, 131
Trd, 4319186.293, 119
Trd, 4319186.843, 94
Trd, 4319187.843, 139
Trd, 4319188.143, 70
Trd, 4319189.193, 65
Trd, 4319189.693, 67
Trd, 4319189.993, 62
Trd, 4319190.243, 120
Trd, 4319190.943, 140
Trd, 4319192.093, 113
Trd, 4319192.393, 111
Trd, 4319193.593, 135
Trd, 4319193.743, 140
Trd, 4319194.743, 61
Trd, 4319195.293, 61
Trd, 4319195.893, 140
Trd, 4319197.243, 78
Trd, 4319197.343, 77
Trd, 4319197.743, 133
Trd, 4319198.793, 64
Trd, 4319200.143, 139
Trd, 4319200.743, 138
Trd, 4319200.993, 138
Trd, 4319201.443, 118
Trd, 4319201.743, 138
Trd, 4319202.143, 89
Trd, 4319204.643, 133
Trd, 4319204.943, 105
Trd, 4319204.993, 75
Trd, 4319205.543, 140
Trd, 4319206.293, 97
Trd, 4319207.643, 140
Trd, 4319208.143, 140
Trd, 4319209.693, 138
Trd, 4319210.543, 139
Trd, 4319212.493, 140
Trd, 4319212.793, 140
Trd, 4319213.043, 130
Trd, 4319213.393, 112
Trd, 4319213.443, 110
Trd, 4319214.243, 139
Trd, 4319216.243, 140
Trd, 4319216.293, 127
Trd, 4319216.493, 125
Trd, 4319218.293, 140
Trd, 4319218.793, 140
Trd, 4319219.093, 138
Trd, 4319220.093, 133
Trd, 4319220.443, 121
Trd, 4319220.943, 140
Trd, 4319221.543, 139
Trd, 4319224.043, 119
Trd, 4319224.143, 103
Trd, 4319224.193, 140
Trd, 4319225.543, 140
Trd, 4319226.743, 131
Trd, 4319226.843, 131
Trd, 4319227.093, 111
Trd, 4319227.693, 79
Trd, 4319228.643, 140
Trd, 4319229.193, 140
Trd, 4319229.743, 62
Trd, 4319230.093, 139
Trd, 4319231.943, 136
Trd, 4319232.143, 140
Trd, 4319232.793, 131
Trd, 4319234.543, 138
Trd, 4319234.893, 117
Trd, 4319235.593, 140
Trd, 4319235.643, 108
Trd, 4319236.243, 129
Trd, 4319236.893, 138
Trd, 4319238.343, 134
Trd, 4319238.743, 139
Trd, 4319240.043, 140
Trd, 4319242.143, 136
Trd, 4319244.043, 124
Trd, 4319244.343, 105
Trd, 4319244.393, 91
Trd, 4319244.493, 135
Trd, 4319244.693, 140
Trd, 4319246.143, 62
Trd, 4319246.243, 64
Trd, 4319246.993, 138
Trd, 4319247.193, 110
Trd, 4319247.393, 73
Trd, 4319247.993, 138
Trd, 4319248.743, 130
Trd, 4319250.043, 60
Trd, 4319250.243, 61
Trd, 4319251.293, 73
Trd, 4319251.993, 68
Trd, 4319252.793, 92
Trd, 4319253.243, 87
Trd, 4319253.593, 85
Trd, 4319255.143, 140
Trd, 4319255.493, 140
Trd, 4319255.593, 137
Trd, 4319256.493, 140
Trd, 4319256.543, 103
Trd, 4319256.643, 80
Trd, 4319258.193, 140
Trd, 4319258.493, 139
Trd, 4319259.193, 140
Trd, 4319259.243, 103
Trd, 4319260.093, 135
Trd, 4319260.643, 122
Trd, 4319260.793, 107
Trd, 4319260.843, 88
Trd, 4319260.893, 85
Trd, 4319261.743, 60
Trd, 4319261.843, 60
Trd, 4319263.793, 60
Trd, 4319264.493, 60
Trd, 4319265.293, 60
Trd, 4319265.343, 61
Trd, 4319266.493, 61
Trd, 4319266.593, 83
Trd, 4319268.393, 61
Trd, 4319268.943, 63
Trd, 4319269.043, 67
Trd, 4319269.693, 65
Trd, 4319269.893, 85
Trd, 4319270.193, 140
Trd, 4319271.043, 128
Trd, 4319272.343, 140
Trd, 4319272.493, 140
Trd, 4319272.843, 122
Trd, 4319273.643, 140
Trd, 4319273.793, 111
Trd, 4319274.443, 138
Trd, 4319275.393, 97
Trd, 4319276.143, 64
Trd, 4319277.443, 60
Trd, 4319277.843, 62
Trd, 4319278.293, 60
Trd, 4319278.593, 66
Trd, 4319278.843, 137
Trd, 4319279.293, 63
Trd, 4319279.693, 93
Trd, 4319280.793, 63
Trd, 4319282.493, 140
Trd, 4319282.993, 74
Trd, 4319285.143, 140
Trd, 4319285.243, 97
Trd, 4319285.843, 139
Trd, 4319286.843, 138
Trd, 4319287.193, 137
Trd, 4319287.693, 123
Trd, 4319288.543, 139
Trd, 4319290.343, 139
Trd, 4319290.443, 124
Trd, 4319290.743, 114
Trd, 4319290.943, 140
Trd, 4319292.843, 138
Trd, 4319293.293, 133
Trd, 4319293.793, 108
Trd, 4319294.893, 140
Trd, 4319295.343, 84
Trd, 4319295.643, 128
Trd, 4319295.743, 120
Trd, 4319295.893, 132
Trd, 4319296.493, 60
Trd, 4319296.643, 61
Trd, 4319299.093, 65
Trd, 4319299.693, 61
Trd, 4319299.793, 81
Trd, 4319300.293, 140
Trd, 4319301.293, 66
Trd, 4319301.493, 61
Trd, 4319301.943, 139
Trd, 4319304.243, 133
Trd, 4319304.793, 130
Trd, 4319304.993, 129
Trd, 4319305.493, 112
Trd, 4319306.093, 62
Trd, 4319306.493, 61
Trd, 4319306.943, 60
Trd, 4319307.343, 81
Trd, 4319307.643, 128
Trd, 4319308.343, 71
Trd, 4319308.743, 78
Trd, 4319309.193, 137
Trd, 4319309.293, 81
Trd, 4319309.643, 82
Trd, 4319310.443, 74
Trd, 4319311.443, 72
Trd, 4319312.593, 138
Trd, 4319313.093, 140
Trd, 4319313.943, 140
Trd, 4319314.693, 140
Trd, 4319314.743, 108
Trd, 4319315.243, 128
Trd, 4319316.143, 94
Trd, 4319317.993, 140
Trd, 4319318.693, 138
Trd, 4319319.393, 140
Trd, 4319319.943, 140
Trd, 4319320.243, 135
Trd, 4319321.193, 79
Trd, 4319321.493, 75
Trd, 4319322.643, 140
Trd, 4319322.943, 136
Trd, 4319324.143, 62
Trd, 4319324.243, 62
Trd, 4319324.743, 60
Trd, 4319325.743, 65
Trd, 4319327.443, 140
Trd, 4319327.793, 140
Trd, 4319327.843, 139
Trd, 4319328.193, 123
Trd, 4319329.793, 136
Trd, 4319329.943, 122
Trd, 4319330.993, 140
Trd, 4319331.543, 139
Trd, 4319332.593, 131
Trd, 4319333.443, 118
Trd, 4319334.093, 139
Trd, 4319335.093, 139
Trd, 4319335.243, 139
Trd, 4319335.493, 124
Trd, 4319338.443, 60
Trd, 4319338.693, 61
Trd, 4319340.043, 60
Trd, 4319340.293, 60
Trd, 4319340.343, 63
Trd, 4319340.393, 64
Trd, 4319340.843, 65
Trd, 4319341.493, 63
Trd, 4319342.943, 140
Trd, 4319344.293, 140
Trd, 4319344.493, 139
Trd, 4319344.793, 128
Trd, 4319345.093, 139
Trd, 4319346.493, 60
Trd, 4319347.043, 62
Trd, 4319347.743, 60
Trd, 4319348.793, 60
Trd, 4319349.093, 107
Trd, 4319351.293, 140
Trd, 4319351.393, 140
Trd, 4319351.443, 122
Trd, 4319351.543, 117
Trd, 4319351.793, 138
Trd, 4319353.393, 80
Trd, 4319354.843, 140
Trd, 4319355.393, 139
Trd, 4319356.893, 140
Trd, 4319357.043, 140
Trd, 4319357.243, 139
Trd, 4319357.543, 135
Trd, 4319358.443, 75
Trd, 4319359.043, 60
Trd, 4319359.093, 92
Trd, 4319359.593, 135
Trd, 4319360.443, 62
Trd, 4319361.193, 135
Trd, 4319361.993, 68
Trd, 4319362.243, 69
Trd, 4319363.243, 113
Trd, 4319365.293, 140
Trd, 4319365.543, 118
Trd, 4319365.593, 106
Trd, 4319365.743, 98
Trd, 4319367.143, 140
Trd, 4319368.243, 140
Trd, 4319368.993, 140
Trd, 4319369.593, 116
Trd, 4319370.843, 140
Trd, 4319372.793, 140
Trd, 4319373.793, 140
Trd, 4319373.843, 139
Trd, 4319374.143, 136
Trd, 4319375.293, 140
Trd, 4319375.843, 139
Trd, 4319376.443, 140
Trd, 4319376.993, 128
Trd, 4319377.793, 123
Trd, 4319378.343, 104
Trd, 4319378.893, 99
Trd, 4319379.593, 62
Trd, 4319379.843, 132
Trd, 4319381.143, 137
Trd, 4319381.393, 80
Trd, 4319382.143, 62
Trd, 4319382.643, 140
Trd, 4319383.043, 140
Trd, 4319383.993, 139
Trd, 4319384.493, 107
Trd, 4319385.343, 140
Trd, 4319385.793, 101
Trd, 4319385.943, 127
Trd, 4319386.993, 60
Trd, 4319387.443, 62
Trd, 4319387.743, 61
Trd, 4319388.593, 63
Trd, 4319389.593, 61
Trd, 4319390.993, 67
Trd, 4319391.193, 67
Trd, 4319391.593, 82
Trd, 4319393.193, 63
Trd, 4319393.343, 64
Trd, 4319394.143, 63
Trd, 4319394.743, 60
Trd, 4319395.143, 67
Trd, 4319396.543, 126
Trd, 4319397.593, 139
Trd, 4319397.743, 138
Trd, 4319397.943, 109
Trd, 4319398.993, 62
Trd, 4319399.493, 60
Trd, 4319399.593, 60
Trd, 4319400.493, 69
Trd, 4319401.243, 63
Trd, 4319401.643, 108
Trd, 4319402.043, 140
Trd, 4319402.893, 64
Trd, 4319403.593, 138
Trd, 4319404.343, 73
Trd, 4319405.093, 83
Trd, 4319405.343, 71
Trd, 4319406.343, 94
Trd, 4319408.243, 139
Trd, 4319408.393, 138
Trd, 4319410.143, 140
Trd, 4319410.343, 139
Trd, 4319412.043, 119
Trd, 4319412.293, 111
Trd, 4319413.493, 139
Trd, 4319413.893, 137
Trd, 4319414.643, 140
Trd, 4319415.393, 132
Trd, 4319415.543, 110
Trd, 4319416.093, 124
Trd, 4319416.543, 124
Trd, 4319417.043, 125
Trd, 4319417.293, 140
Trd, 4319417.893, 108
Trd, 4319417.943, 114
Trd, 4319418.543, 102
Trd, 4319419.093, 104
Trd, 4319420.843, 60
Trd, 4319421.293, 60
Trd, 4319422.193, 60
Trd, 4319422.793, 61
Trd, 4319422.843, 62
Trd, 4319423.543, 60
Trd, 4319424.343, 60
Trd, 4319425.293, 62
Trd, 4319425.943, 63
Trd, 4319427.643, 125
Trd, 4319428.193, 140
Trd, 4319428.393, 137
Trd, 4319428.543, 117
Trd, 4319429.393, 138
Trd, 4319429.893, 140
Trd, 4319431.093, 139
Trd, 4319431.543, 140
Trd, 4319432.243, 139
Trd, 4319432.443, 86
Trd, 4319432.593, 88
Trd, 4319432.843, 85
Trd, 4319434.393, 117
Trd, 4319436.643, 140
Trd, 4319436.943, 140
Trd, 4319437.543, 129
Trd, 4319438.043, 62
Trd, 4319438.793, 140
Trd, 4319439.543, 140
Trd, 4319439.693, 128
Trd, 4319439.843, 82
Trd, 4319440.343, 64
Trd, 4319441.293, 60
Trd, 4319441.393, 63
Trd, 4319442.693, 140
Trd, 4319443.443, 136
Trd, 4319444.543, 99
Trd, 4319444.693, 139
Trd, 4319445.143, 140
Trd, 4319445.343, 112
Trd, 4319448.143, 60
Trd, 4319448.243, 60
Trd, 4319448.543, 60
Trd, 4319449.343, 60
Trd, 4319449.993, 60
Trd, 4319451.243, 87
Trd, 4319451.743, 94
Trd, 4319453.143, 104
Trd, 4319453.793, 140
Trd, 4319454.293, 81
Trd, 4319454.743, 64
Trd, 4319455.393, 105
Trd, 4319456.093, 134
Trd, 4319456.493, 118
Trd, 4319457.943, 139
Trd, 4319458.843, 83
Trd, 4319459.343, 133
Trd, 4319459.693, 132
Trd, 4319460.593, 139
Trd, 4319461.193, 136
Trd, 4319461.243, 115
Trd, 4319462.543, 139
Trd, 4319463.243, 138
Trd, 4319464.193, 111
Trd, 4319464.343, 113
Trd, 4319465.393, 140
Trd, 4319466.093, 138
Trd, 4319466.543, 103
Trd, 4319467.193, 138
Trd, 4319467.643, 140
Trd, 4319468.243, 140
Trd, 4319468.393, 68
Trd, 4319469.243, 63
Trd, 4319470.343, 71
Trd, 4319471.743, 60
Trd, 4319472.893, 140
Trd, 4319472.943, 140
Trd, 4319473.243, 75
Trd, 4319474.743, 140
Trd, 4319475.793, 140
Trd, 4319475.843, 123
Trd, 4319476.793, 84
Trd, 4319476.943, 63
Trd, 4319477.493, 121
Trd, 4319477.843, 93
Trd, 4319478.593, 70
Trd, 4319479.693, 140
Trd, 4319479.943, 139
Trd, 4319481.593, 140
Trd, 4319483.893, 140
Trd, 4319484.343, 139
Trd, 4319485.793, 136
Trd, 4319486.043, 135
Trd, 4319486.993, 140
Trd, 4319487.293, 138
Trd, 4319487.393, 77
Trd, 4319488.143, 89
Trd, 4319489.393, 140
Trd, 4319489.793, 140
Trd, 4319490.193, 139
Trd, 4319491.143, 140
Trd, 4319491.493, 132
Trd, 4319492.743, 134
Trd, 4319493.693, 139
Trd, 4319493.993, 128
Trd, 4319494.143, 121
Trd, 4319494.793, 123
Trd, 4319495.843, 140
Trd, 4319495.893, 110
Trd, 4319496.493, 139
Trd, 4319496.743, 103
Trd, 4319496.993, 66
Trd, 4319497.843, 62
Trd, 4319498.593, 61
Trd, 4319498.643, 63
Trd, 4319499.843, 60
Trd, 4319499.943, 68
Trd, 4319500.493, 64
Trd, 4319501.643, 139
Trd, 4319502.093, 60
Trd, 4319502.993, 60
Trd, 4319504.243, 62
Trd, 4319504.943, 140
Trd, 4319505.293, 97
Trd, 4319505.493, 67
Trd, 4319506.243, 69
Trd, 4319506.743, 137
Trd, 4319508.193, 140
Trd, 4319509.743, 136
Trd, 4319510.143, 113
Trd, 4319510.893, 72
Trd, 4319510.943, 69
Trd, 4319511.493, 138
Trd, 4319511.643, 135
Trd, 4319513.293, 84
Trd, 4319513.943, 101
Trd, 4319514.193, 83
Trd, 4319514.993, 64
Trd, 4319515.393, 139
Trd, 4319515.693, 92
Trd, 4319517.293, 138
Trd, 4319518.043, 62
Trd, 4319519.193, 139
Trd, 4319520.043, 140
Trd, 4319520.193, 140
Trd, 4319521.493, 140
Trd, 4319521.593, 138
Trd, 4319522.443, 120
Trd, 4319522.493, 114
Trd, 4319523.543, 129
Trd, 4319523.993, 69
Trd, 4319524.243, 140
Trd, 4319524.943, 61
Trd, 4319525.243, 62
Trd, 4319526.293, 62
Trd, 4319527.193, 140
Trd, 4319527.593, 140
Trd, 4319528.243, 139
Trd, 4319528.493, 139
Trd, 4319530.093, 60
Trd, 4319530.143, 61
Trd, 4319531.293, 60
Trd, 4319531.393, 117
Trd, 4319531.793, 61
Trd, 4319532.493, 140
Trd, 4319533.593, 94
Trd, 4319533.643, 135
Trd, 4319533.993, 81
Trd, 4319534.143, 136
Trd, 4319535.793, 60
Trd, 4319536.143, 74
Trd, 4319536.893, 140
Trd, 4319538.993, 60
Trd, 4319539.043, 62
Trd, 4319539.143, 63
Trd, 4319539.193, 73
Trd, 4319539.643, 138
Trd, 4319541.693, 111
Trd, 4319541.943, 135
Trd, 4319542.893, 104
Trd, 4319543.093, 103
Trd, 4319543.493, 63
Trd, 4319544.793, 64
Trd, 4319545.043, 110
Trd, 4319545.443, 61
Trd, 4319546.143, 139
Trd, 4319547.043, 140
Trd, 4319549.743, 140
Trd, 4319549.993, 139
Trd, 4319550.293, 127
Trd, 4319551.193, 87
Trd, 4319551.493, 82
Trd, 4319551.893, 68
Trd, 4319552.793, 124
Trd, 4319552.893, 102
Trd, 4319554.143, 140
Trd, 4319554.693, 93
Trd, 4319555.493, 136
Trd, 4319555.743, 60
Trd, 4319556.093, 134
Trd, 4319556.743, 139
Trd, 4319557.193, 61
Trd, 4319557.443, 75
Trd, 4319558.843, 139
Trd, 4319561.193, 140
Trd, 4319561.843, 139
Trd, 4319562.143, 139
Trd, 4319562.843, 139
Trd, 4319564.543, 60
Trd, 4319564.793, 60
Trd, 4319564.993, 65
Trd, 4319565.543, 71
Trd, 4319566.793, 140
Trd, 4319567.443, 138
Trd, 4319569.843, 140
Trd, 4319571.243, 140
Trd, 4319571.693, 140
Trd, 4319571.743, 137
Trd, 4319572.243, 136
Trd, 4319573.293, 129
Trd, 4319573.493, 118
Trd, 4319573.793, 139
Trd, 4319574.293, 66
Trd, 4319574.693, 61
Trd, 4319574.843, 66
Trd, 4319575.243, 120
Trd, 4319576.243, 140
Trd, 4319576.743, 113
Trd, 4319577.643, 112
Trd, 4319578.493, 125
Trd, 4319579.393, 87
Trd, 4319579.593, 128
Trd, 4319580.443, 81
Trd, 4319582.493, 139
Trd, 4319583.343, 135
Trd, 4319583.443, 134
Trd, 4319583.943, 111
Trd, 4319584.243, 74
Trd, 4319586.043, 140
Trd, 4319586.293, 140
Trd, 4319586.943, 139
Trd, 4319587.343, 140
Trd, 4319587.593, 105
Trd, 4319588.893, 139
Trd, 4319589.443, 70
Trd, 4319589.793, 65
Trd, 4319589.993, 97
Trd, 4319590.993, 126
Trd, 4319591.143, 125
Trd, 4319591.993, 140
Trd, 4319592.393, 126
Trd, 4319592.443, 111
Trd, 4319593.343, 133
Trd, 4319594.443, 139
Trd, 4319595.143, 140
Trd, 4319595.443, 140
Trd, 4319596.443, 139
Trd, 4319596.993, 69
Trd, 4319597.593, 92
Trd, 4319597.943, 77
Trd, 4319598.593, 77
Trd, 4319599.493, 60
Trd, 4319599.943, 68
Trd, 4319600.293, 135
Trd, 4319601.643, 75
Trd, 4319601.793, 87
Trd, 4319602.543, 100
Trd, 4319603.143, 138
Trd, 4319603.293, 124
Trd, 4319604.393, 85
Trd, 4319605.893, 140
Trd, 4319606.043, 140
Trd, 4319606.643, 117
Trd, 4319607.193, 140
Trd, 4319608.043, 138
Trd, 4319608.843, 119
Trd, 4319609.293, 140
Trd, 4319611.843, 140
Trd, 4319612.643, 140
Trd, 4319613.343, 138
Trd, 4319613.743, 139
Trd, 4319614.243, 135
Trd, 4319615.143, 117
Trd, 4319615.643, 106
Trd, 4319615.993, 115
Trd, 4319616.243, 77
Trd, 4319617.043, 140
Trd, 4319617.693, 65
Trd, 4319619.193, 128
Trd, 4319619.493, 140
Trd, 4319620.143, 99
Trd, 4319620.343, 103
Trd, 4319622.093, 140
Trd, 4319622.343, 140
Trd, 4319622.893, 61
Trd, 4319623.293, 62
Trd, 4319623.493, 63
Trd, 4319624.843, 139
Trd, 4319624.943, 139
Trd, 4319625.493, 122
Trd, 4319625.943, 122
Trd, 4319627.543, 140
Trd, 4319628.043, 139
Trd, 4319628.143, 116
Trd, 4319628.793, 139
Trd, 4319628.993, 97
Trd, 4319629.593, 140
Trd, 4319629.693, 123
Trd, 4319630.643, 63
Trd, 4319631.643, 63
Trd, 4319632.143, 75
Trd, 4319633.643, 83
Trd, 4319634.243, 138
Trd, 4319634.443, 139
Trd, 4319634.893, 87
Trd, 4319635.393, 65
Trd, 4319636.143, 89
Trd, 4319638.243, 140
Trd, 4319638.343, 140
Trd, 4319638.493, 140
Trd, 4319639.093, 140
Trd, 4319639.243, 138
Trd, 4319639.993, 94
Trd, 4319640.943, 69
Trd, 4319641.093, 61
Trd, 4319641.743, 135
Trd, 4319642.243, 134
Trd, 4319642.393, 85
Trd, 4319643.893, 140
Trd, 4319644.043, 140
Trd, 4319644.943, 139
Trd, 4319645.593, 90
Trd, 4319645.793, 62
Trd, 4319647.193, 131
Trd, 4319647.743, 140
Trd, 4319647.793, 113
Trd, 4319649.243, 140
Trd, 4319651.543, 140
Trd, 4319652.193, 140
Trd, 4319652.393, 139
Trd, 4319652.643, 138
Trd, 4319653.693, 140
Trd, 4319653.843, 114
Trd, 4319654.193, 62
Trd, 4319654.893, 63
Trd, 4319655.643, 118
Trd, 4319656.593, 121
Trd, 4319657.493, 140
Trd, 4319657.893, 133
Trd, 4319658.093, 103
Trd, 4319660.093, 140
Trd, 4319660.693, 139
Trd, 4319660.993, 84
Trd, 4319661.393, 137
Trd, 4319661.643, 79
Trd, 4319662.093, 61
Trd, 4319662.943, 140
Trd, 4319663.793, 63
Trd, 4319664.043, 65
Trd, 4319664.743, 61
Trd, 4319665.693, 60
Trd, 4319667.093, 139
Trd, 4319668.393, 140
Trd, 4319668.993, 139
Trd, 4319669.093, 109
Trd, 4319669.293, 127
Trd, 4319670.493, 63
Trd, 4319670.693, 63
Trd, 4319671.443, 68
Trd, 4319671.593, 116
Trd, 4319672.943, 123
Trd, 4319673.943, 140
Trd, 4319674.143, 138
Trd, 4319674.343, 140
Trd, 4319674.593, 136
Trd, 4319674.843, 139
Trd, 4319674.893, 122
Trd, 4319676.393, 105
Trd, 4319676.743, 127
Trd, 4319677.843, 65
Trd, 4319678.343, 80
Trd, 4319678.893, 61
Trd, 4319679.643, 61
Trd, 4319679.693, 62
Trd, 4319681.193, 140
Trd, 4319682.643, 140
Trd, 4319682.943, 140
Trd, 4319683.193, 117
Trd, 4319683.343, 94
Trd, 4319684.343, 140
Trd, 4319685.493, 140
Trd, 4319685.893, 131
Trd, 4319687.593, 140
Trd, 4319688.193, 138
Trd, 4319689.243, 133
Trd, 4319689.693, 140
Trd, 4319690.543, 93
Trd, 4319690.943, 140
Trd, 4319691.843, 139
Trd, 4319692.693, 139
Trd, 4319693.543, 74
Trd, 4319694.293, 62
Trd, 4319694.693, 60
Trd, 4319694.993, 60
Trd, 4319695.593, 63
Trd, 4319696.043, 119
Trd, 4319696.593, 62
Trd, 4319697.093, 62
Trd, 4319697.593, 118
Trd, 4319698.243, 125
Trd, 4319698.743, 139
Trd, 4319699.343, 122
Trd, 4319699.793, 65
Trd, 4319700.343, 131
Trd, 4319701.043, 136
Trd, 4319701.793, 65
Trd, 4319701.943, 66
Trd, 4319704.143, 63
Trd, 4319704.993, 62
Trd, 4319705.093, 64
Trd, 4319705.593, 140
Trd, 4319705.643, 124
Trd, 4319706.793, 62
Trd, 4319708.743, 61
Trd, 4319709.393, 60
Trd, 4319709.743, 60
Trd, 4319710.443, 61
Trd, 4319710.543, 64
Trd, 4319711.343, 61
Trd, 4319711.693, 138
Trd, 4319711.893, 61
Trd, 4319712.943, 62
Trd, 4319714.193, 97
Trd, 4319714.443, 121
Trd, 4319714.893, 95
Trd, 4319715.343, 66
Trd, 4319716.593, 60
Trd, 4319716.693, 61
Trd, 4319716.893, 68
Trd, 4319718.193, 138
Trd, 4319719.343, 95
Trd, 4319719.493, 110
Trd, 4319719.743, 78
Trd, 4319720.543, 83
Trd, 4319721.343, 136
Trd, 4319722.593, 140
Trd, 4319722.843, 140
Trd, 4319723.393, 64
Trd, 4319724.093, 66
Trd, 4319725.493, 130
Trd, 4319726.193, 125
Trd, 4319726.293, 136
Trd, 4319726.693, 110
Trd, 4319727.193, 108
Trd, 4319728.593, 140
Trd, 4319728.843, 140
Trd, 4319730.443, 140
Trd, 4319731.093, 129
Trd, 4319731.743, 92
Trd, 4319732.343, 131
Trd, 4319732.393, 124
Trd, 4319733.543, 139
Trd, 4319733.843, 138
Trd, 4319734.943, 140
Trd, 4319735.943, 139
Trd, 4319735.993, 115
Trd, 4319736.593, 140
Trd, 4319737.043, 112
Trd, 4319737.493, 139
Trd, 4319738.743, 113
Trd, 4319738.893, 122
Trd, 4319740.543, 137
Trd, 4319740.893, 133
Trd, 4319741.193, 140
Trd, 4319741.543, 126
Trd, 4319742.093, 113
Trd, 4319742.343, 128
Trd, 4319742.843, 139
Trd, 4319744.143, 140
Trd, 4319744.493, 140
Trd, 4319744.543, 140
Trd, 4319745.943, 114
Trd, 4319746.343, 123
Trd, 4319748.943, 139
Trd, 4319749.143, 97
Trd, 4319750.493, 136
Trd, 4319750.593, 133
Trd, 4319750.843, 132
Trd, 4319750.943, 106
Trd, 4319751.893, 140
Trd, 4319751.993, 60
Trd, 4319752.693, 140
Trd, 4319754.293, 139
Trd, 4319755.343, 138
Trd, 4319755.693, 138
Trd, 4319756.093, 140
Trd, 4319756.643, 130
Trd, 4319757.193, 135
Trd, 4319757.993, 139
Trd, 4319758.193, 101
Trd, 4319761.293, 140
Trd, 4319761.593, 137
Trd, 4319762.293, 106
Trd, 4319762.743, 104
Trd, 4319762.793, 135
Trd, 4319763.743, 96
Trd, 4319763.893, 113
Trd, 4319764.443, 60
Trd, 4319766.143, 134
Trd, 4319768.693, 68
Trd, 4319768.793, 65
Trd, 4319769.393, 60
Trd, 4319769.743, 61
Trd, 4319770.143, 61
Trd, 4319770.593, 71
Trd, 4319771.043, 127
Trd, 4319771.893, 140
Trd, 4319772.093, 140
Trd, 4319773.143, 60
Trd, 4319773.793, 128
Trd, 4319774.593, 140
Trd, 4319776.193, 140
Trd, 4319776.393, 139
Trd, 4319776.693, 134
Trd, 4319776.893, 133
Trd, 4319778.693, 62
Trd, 4319779.143, 103
Trd, 4319779.243, 105
Trd, 4319780.143, 139
Trd, 4319780.643, 63
Trd, 4319780.943, 139
Trd, 4319782.543, 63
Trd, 4319782.643, 64
Trd, 4319784.043, 140
Trd, 4319784.293, 140
Trd, 4319784.493, 139
Trd, 4319785.693, 138
Trd, 4319785.993, 91
Trd, 4319787.643, 140
Trd, 4319788.543, 140
Trd, 4319790.143, 140
Trd, 4319790.343, 140
Trd, 4319790.643, 103
Trd, 4319790.943, 74
Trd, 4319791.993, 140
Trd, 4319792.743, 137
Trd, 4319793.093, 116
Trd, 4319793.343, 123
Trd, 4319794.043, 121
Trd, 4319794.093, 99
Trd, 4319795.093, 127
Trd, 4319795.393, 75
Trd, 4319796.543, 91
Trd, 4319796.593, 128
Trd, 4319797.343, 139
Trd, 4319799.393, 140
Trd, 4319799.693, 140
Trd, 4319799.743, 140
Trd, 4319800.543, 117
Trd, 4319801.343, 136
Trd, 4319802.093, 135
Trd, 4319802.243, 140
Trd, 4319803.043, 140
Trd, 4319803.093, 120
Trd, 4319803.843, 123
Trd, 4319804.343, 140
Trd, 4319805.193, 140
Trd, 4319805.493, 121
Trd, 4319806.993, 140
Trd, 4319808.393, 128
Trd, 4319808.643, 115
Trd, 4319810.243, 140
Trd, 4319810.593, 98
Trd, 4319810.843, 140
Trd, 4319811.493, 139
Trd, 4319811.543, 115
Trd, 4319811.643, 112
Trd, 4319812.893, 140
Trd, 4319814.093, 140
Trd, 4319814.543, 140
Trd, 4319814.643, 137
Trd, 4319814.743, 112
Trd, 4319815.543, 139
Trd, 4319817.093, 136
Trd, 4319817.243, 136
Trd, 4319819.143, 140
Trd, 4319819.293, 81
Trd, 4319820.043, 138
Trd, 4319821.493, 128
Trd, 4319822.343, 114
Trd, 4319822.893, 140
Trd, 4319823.043, 80
Trd, 4319823.193, 79
Trd, 4319824.193, 61
Trd, 4319824.393, 98
Trd, 4319825.943, 140
Trd, 4319826.193, 140
Trd, 4319826.243, 139
Trd, 4319826.393, 114
Trd, 4319826.893, 87
Trd, 4319829.143, 139
Trd, 4319829.193, 82
Trd, 4319830.843, 140
Trd, 4319830.943, 139
Trd, 4319831.143, 112
Trd, 4319832.193, 123
Trd, 4319832.393, 87
Trd, 4319832.443, 107
Trd, 4319833.343, 102
Trd, 4319833.543, 62
Trd, 4319834.143, 63
Trd, 4319834.443, 140
Trd, 4319835.443, 126
Trd, 4319835.943, 125
Trd, 4319836.393, 138
Trd, 4319837.943, 140
Trd, 4319838.343, 140
Trd, 4319838.593, 116
Trd, 4319840.043, 138
Trd, 4319840.143, 117
Trd, 4319840.843, 138
Trd, 4319841.493, 89
Trd, 4319841.543, 77
Trd, 4319841.743, 98
Trd, 4319842.243, 61
Trd, 4319843.993, 130
Trd, 4319844.743, 128
Trd, 4319845.443, 140
Trd, 4319845.793, 122
Trd, 4319846.843, 138
Trd, 4319847.143, 123
Trd, 4319848.543, 128
Trd, 4319849.093, 116
Trd, 4319849.293, 82
Trd, 4319850.193, 77
Trd, 4319851.593, 140
Trd, 4319852.043, 139
Trd, 4319852.093, 124
Trd, 4319853.493, 137
Trd, 4319853.793, 128
Trd, 4319854.293, 139
Trd, 4319854.643, 95
Trd, 4319855.943, 140
Trd, 4319857.343, 140
Trd, 4319858.093, 139
Trd, 4319858.893, 139
Trd, 4319859.093, 139
Trd, 4319859.243, 136
Trd, 4319859.293, 119
Trd, 4319860.143, 140
Trd, 4319860.593, 63
Trd, 4319860.893, 67
Trd, 4319862.643, 136
Trd, 4319863.543, 87
Trd, 4319864.443, 69
Trd, 4319864.693, 140
Trd, 4319865.093, 63
Trd, 4319865.343, 64
Trd, 4319865.793, 63
Trd, 4319867.693, 140
Trd, 4319869.143, 140
Trd, 4319869.693, 140
Trd, 4319871.243, 140
Trd, 4319871.793, 139
Trd, 4319872.243, 108
Trd, 4319872.343, 96
Trd, 4319872.743, 140
Trd, 4319873.943, 138
Trd, 4319874.043, 138
Trd, 4319874.193, 102
Trd, 4319874.493, 83
Trd, 4319875.543, 66
Trd, 4319875.993, 125
Trd, 4319876.343, 91
Trd, 4319878.843, 140
Trd, 4319880.243, 140
Trd, 4319880.443, 113
Trd, 4319880.593, 138
Trd, 4319881.093, 62
Trd, 4319881.493, 63
Trd, 4319882.193, 72
Trd, 4319883.143, 137
Trd, 4319883.693, 138
Trd, 4319884.043, 138
Trd, 4319886.893, 140
Trd, 4319887.343, 140
Trd, 4319887.793, 139
Trd, 4319888.293, 138
Trd, 4319888.343, 128
Trd, 4319889.393, 117
Trd, 4319889.843, 75
Trd, 4319890.243, 119
Trd, 4319890.293, 133
Trd, 4319890.343, 98
Trd, 4319891.343, 61
Trd, 4319891.993, 139
Trd, 4319892.143, 102
Trd, 4319893.293, 140
Trd, 4319894.343, 71
Trd, 4319894.593, 140
Trd, 4319895.443, 140
Trd, 4319895.643, 139
Trd, 4319896.393, 60
Trd, 4319897.743, 67
Trd, 4319898.843, 102
Trd, 4319898.943, 101
Trd, 4319899.043, 108
Trd, 4319899.193, 67
Trd, 4319900.443, 61
Trd, 4319900.593, 64
Trd, 4319901.243, 60
Trd, 4319901.943, 62
Trd, 4319903.743, 62
Trd, 4319903.993, 65
Trd, 4319904.493, 68
Trd, 4319904.943, 69
Trd, 4319905.043, 66
Trd, 4319907.593, 140
Trd, 4319907.693, 138
Trd, 4319908.293, 114
Trd, 4319908.843, 138
Trd, 4319908.993, 91
Trd, 4319909.893, 140
Trd, 4319910.243, 140
Trd, 4319912.043, 110
Trd, 4319912.193, 108
Trd, 4319913.093, 140
Trd, 4319913.493, 135
Trd, 4319914.343, 121
Trd, 4319914.393, 70
Trd, 4319914.593, 67
Trd, 4319915.293, 140
Trd, 4319916.393, 62
Trd, 4319917.193, 80
Trd, 4319917.493, 63
Trd, 4319918.743, 67
Trd, 4319920.593, 140
Trd, 4319921.493, 134
Trd, 4319922.093, 104
Trd, 4319923.243, 140
Trd, 4319924.093, 139
Trd, 4319924.943, 139
Trd, 4319925.143, 127
Trd, 4319926.143, 138
Trd, 4319927.543, 101
Trd, 4319928.843, 140
Trd, 4319929.443, 139
Trd, 4319930.743, 139
Trd, 4319931.243, 91
Trd, 4319931.693, 96
Trd, 4319932.243, 134
Trd, 4319932.543, 71
Trd, 4319933.193, 82
Trd, 4319933.743, 91
Trd, 4319934.193, 65
Trd, 4319934.843, 60
Trd, 4319934.993, 62
Trd, 4319935.243, 79
Trd, 4319936.393, 136
Trd, 4319937.243, 81
Trd, 4319937.693, 115
Trd, 4319940.343, 140
Trd, 4319940.893, 140
Trd, 4319943.043, 140
Trd, 4319943.193, 139
Trd, 4319943.543, 139
Trd, 4319943.943, 138
Trd, 4319944.693, 125
Trd, 4319944.743, 109
Trd, 4319945.143, 100
Trd, 4319946.493, 125
Trd, 4319947.993, 140
Trd, 4319948.543, 138
Trd, 4319948.643, 136
Trd, 4319948.693, 135
Trd, 4319949.493, 123
Trd, 4319949.593, 104
Trd, 4319950.243, 123
Trd, 4319950.843, 97
Trd, 4319952.043, 63
Trd, 4319952.543, 67
Trd, 4319953.143, 67
Trd, 4319954.493, 60
Trd, 4319954.793, 61
Trd, 4319954.843, 72
Trd, 4319955.393, 118
Trd, 4319956.043, 86
Trd, 4319956.943, 140
Trd, 4319957.693, 140
Trd, 4319957.743, 140
Trd, 4319958.443, 66
Trd, 4319959.993, 60
Trd, 4319961.743, 80
Trd, 4319961.993, 117
Trd, 4319962.093, 119
Trd, 4319962.343, 87
Trd, 4319963.093, 82
Trd, 4319964.093, 140
Trd, 4319966.143, 139
Trd, 4319966.893, 140
Trd, 4319966.943, 140
Trd, 4319967.143, 120
Trd, 4319969.243, 127
Trd, 4319969.293, 126
Trd, 4319969.593, 122
Trd, 4319969.643, 108
Trd, 4319970.593, 83
Trd, 4319971.343, 105
Trd, 4319971.693, 103
Trd, 4319972.943, 60
Trd, 4319972.993, 61
Trd, 4319974.043, 77
Trd, 4319974.893, 66
Trd, 4319974.993, 61
Trd, 4319976.293, 132
Trd, 4319976.643, 122
Trd, 4319976.843, 117
Trd, 4319976.993, 138
Trd, 4319978.393, 140
Trd, 4319979.143, 138
Trd, 4319979.393, 127
Trd, 4319979.643, 108
Trd, 4319980.543, 81
Trd, 4319980.943, 79
Trd, 4319981.843, 140
Trd, 4319982.193, 140
Trd, 4319984.143, 93
Trd, 4319984.193, 86
Trd, 4319984.743, 140
Trd, 4319985.493, 129
Trd, 4319986.043, 121
Trd, 4319986.543, 117
Trd, 4319986.893, 74
Trd, 4319988.543, 139
Trd, 4319988.593, 131
Trd, 4319989.643, 140
Trd, 4319989.843, 117
Trd, 4319990.243, 91
Trd, 4319991.043, 139
Trd, 4319992.693, 108
Trd, 4319993.043, 103
Trd, 4319993.193, 83
Trd, 4319995.493, 140
Trd, 4319995.593, 139
Trd, 4319996.193, 125
Trd, 4319996.793, 107
Trd, 4319997.143, 140
Trd, 4319997.493, 69
Trd, 4319997.993, 140
