Trd, 4317919.643, 93
Trd, 4317919.943, 99
Trd, 4317920.593, 114
Trd, 4317921.893, 94
Trd, 4317921.993, 101
Trd, 4317924.743, 96
Trd, 4317925.343, 93
Trd, 4317927.543, 92
Trd, 4317928.593, 94
Trd, 4317929.643, 92
Trd, 4317930.343, 105
Trd, 4317930.943, 92
Trd, 4317930.993, 91
Trd, 4317934.543, 90
Trd, 4317935.343, 85
Trd, 4317936.543, 91
Trd, 4317936.993, 96
Trd, 4317938.093, 104
Trd, 4317940.393, 97
Trd, 4317940.893, 91
Trd, 4317941.093, 98
Trd, 4317942.293, 86
Trd, 4317945.043, 89
Trd, 4317945.543, 104
Trd, 4317945.893, 88
Trd, 4317946.093, 88
Trd, 4317948.093, 92
Trd, 4317949.643, 104
Trd, 4317950.993, 92
Trd, 4317951.493, 102
Trd, 4317952.343, 97
Trd, 4317952.843, 89
Trd, 4317954.793, 93
Trd, 4317955.043, 97
Trd, 4317957.443, 96
Trd, 4317958.343, 110
Trd, 4317960.493, 98
Trd, 4317961.093, 98
Trd, 4317962.893, 108
Trd, 4317964.193, 114
Trd, 4317964.943, 96
Trd, 4317964.993, 94
Trd, 4317966.693, 95
Trd, 4317968.193, 94
Trd, 4317969.593, 98
Trd, 4317969.893, 95
Trd, 4317970.743, 106
Trd, 4317971.543, 95
Trd, 4317973.693, 101
Trd, 4317974.193, 122
Trd, 4317975.043, 100
Trd, 4317975.143, 87
Trd, 4317976.293, 100
Trd, 4317977.943, 93
Trd, 4317979.143, 104
Trd, 4317980.343, 92
Trd, 4317981.443, 101
Trd, 4317982.843, 100
Trd, 4317983.343, 92
Trd, 4317985.643, 96
Trd, 4317986.143, 94
Trd, 4317988.643, 103
Trd, 4317989.993, 93
Trd, 4317990.293, 94
Trd, 4317991.393, 93
Trd, 4317991.793, 100
Trd, 4317993.443, 116
Trd, 4317995.593, 93
Trd, 4317996.343, 93
Trd, 4317996.793, 93
Trd, 4317996.993, 100
Trd, 4318001.043, 92
Trd, 4318001.493, 97
Trd, 4318002.143, 91
Trd, 4318004.143, 90
Trd, 4318006.593, 89
Trd, 4318007.043, 94
Trd, 4318007.443, 88
Trd, 4318007.643, 109
Trd, 4318008.343, 99
Trd, 4318010.193, 87
Trd, 4318012.643, 92
Trd, 4318013.093, 93
Trd, 4318015.143, 91
Trd, 4318015.443, 85
Trd, 4318016.743, 97
Trd, 4318018.143, 94
Trd, 4318018.343, 98
Trd, 4318019.993, 92
Trd, 4318020.243, 91
Trd, 4318021.243, 91
Trd, 4318024.193, 93
Trd, 4318024.743, 104
Trd, 4318026.593, 95
Trd, 4318027.193, 95
Trd, 4318028.643, 94
Trd, 4318029.593, 93
Trd, 4318031.493, 105
Trd, 4318031.993, 99
Trd, 4318032.693, 98
Trd, 4318033.893, 85
Trd, 4318034.043, 92
Trd, 4318034.893, 106
Trd, 4318036.843, 99
Trd, 4318037.443, 98
Trd, 4318039.293, 97
Trd, 4318041.643, 94
Trd, 4318042.393, 98
Trd, 4318043.543, 97
Trd, 4318044.193, 110
Trd, 4318044.343, 115
Trd, 4318044.843, 94
Trd, 4318049.543, 96
Trd, 4318050.393, 105
Trd, 4318051.143, 109
Trd, 4318051.493, 94
Trd, 4318052.743, 102
Trd, 4318054.343, 95
Trd, 4318056.893, 101
Trd, 4318058.043, 96
Trd, 4318058.393, 107
Trd, 4318058.643, 101
Trd, 4318059.193, 111
Trd, 4318063.093, 101
Trd, 4318063.143, 100
Trd, 4318064.993, 85
Trd, 4318065.393, 104
Trd, 4318065.493, 105
Trd, 4318066.543, 92
Trd, 4318067.443, 92
Trd, 4318068.443, 92
Trd, 4318071.293, 105
Trd, 4318072.843, 93
Trd, 4318073.043, 94
Trd, 4318075.693, 110
Trd, 4318076.143, 97
Trd, 4318077.443, 96
Trd, 4318077.493, 95
Trd, 4318077.893, 94
Trd, 4318079.293, 113
Trd, 4318079.743, 85
Trd, 4318080.493, 92
Trd, 4318083.693, 100
Trd, 4318084.543, 107
Trd, 4318086.193, 104
Trd, 4318087.193, 94
Trd, 4318087.743, 94
Trd, 4318089.393, 97
Trd, 4318089.643, 103
Trd, 4318090.643, 97
Trd, 4318092.393, 97
Trd, 4318092.693, 98
Trd, 4318096.143, 96
Trd, 4318096.393, 94
Trd, 4318097.393, 98
Trd, 4318097.493, 93
Trd, 4318100.593, 96
Trd, 4318101.943, 106
Trd, 4318103.743, 93
Trd, 4318104.293, 98
Trd, 4318104.693, 93
Trd, 4318106.143, 93
Trd, 4318107.543, 98
Trd, 4318109.843, 94
Trd, 4318111.893, 93
Trd, 4318113.943, 107
Trd, 4318114.543, 99
Trd, 4318115.343, 112
Trd, 4318116.393, 101
Trd, 4318117.293, 114
Trd, 4318118.393, 99
Trd, 4318119.043, 98
Trd, 4318121.443, 98
Trd, 4318122.493, 85
Trd, 4318124.543, 101
Trd, 4318125.493, 95
Trd, 4318125.793, 93
Trd, 4318125.993, 103
Trd, 4318126.243, 110
Trd, 4318129.493, 96
Trd, 4318129.793, 94
Trd, 4318130.693, 99
Trd, 4318132.193, 99
Trd, 4318132.543, 95
Trd, 4318136.043, 96
Trd, 4318136.443, 94
Trd, 4318137.443, 98
Trd, 4318138.243, 113
Trd, 4318139.443, 94
Trd, 4318141.743, 94
Trd, 4318142.093, 93
Trd, 4318144.293, 100
Trd, 4318145.443, 104
Trd, 4318145.793, 97
Trd, 4318147.093, 101
Trd, 4318147.843, 97
Trd, 4318148.693, 106
Trd, 4318150.643, 95
Trd, 4318150.793, 96
Trd, 4318152.093, 114
Trd, 4318153.693, 95
Trd, 4318156.093, 97
Trd, 4318157.193, 98
Trd, 4318157.343, 94
Trd, 4318158.893, 94
Trd, 4318159.143, 93
Trd, 4318160.393, 123
Trd, 4318161.643, 94
Trd, 4318164.643, 101
Trd, 4318164.693, 96
Trd, 4318167.243, 101
Trd, 4318167.543, 96
Trd, 4318168.043, 95
Trd, 4318170.393, 94
Trd, 4318171.343, 93
Trd, 4318172.293, 97
Trd, 4318173.293, 101
Trd, 4318173.593, 108
Trd, 4318174.693, 87
Trd, 4318177.843, 91
Trd, 4318179.093, 97
Trd, 4318179.293, 95
Trd, 4318179.993, 102
Trd, 4318182.493, 95
Trd, 4318184.093, 94
Trd, 4318184.293, 94
Trd, 4318184.393, 102
Trd, 4318185.043, 95
Trd, 4318186.093, 93
Trd, 4318186.693, 106
Trd, 4318187.893, 87
Trd, 4318188.393, 86
Trd, 4318192.043, 94
Trd, 4318192.893, 93
Trd, 4318194.993, 94
Trd, 4318195.943, 92
Trd, 4318196.943, 107
Trd, 4318197.143, 91
Trd, 4318197.843, 110
Trd, 4318200.943, 96
Trd, 4318201.143, 96
Trd, 4318201.293, 99
Trd, 4318201.643, 94
Trd, 4318202.293, 86
Trd, 4318205.693, 92
Trd, 4318206.493, 84
Trd, 4318206.543, 95
Trd, 4318207.643, 89
Trd, 4318211.743, 89
Trd, 4318213.093, 98
Trd, 4318213.393, 90
Trd, 4318214.293, 89
Trd, 4318214.893, 95
Trd, 4318215.093, 96
Trd, 4318217.593, 89
Trd, 4318218.843, 85
Trd, 4318220.943, 91
Trd, 4318222.843, 113
Trd, 4318224.793, 110
Trd, 4318225.043, 96
Trd, 4318225.543, 97
Trd, 4318226.943, 94
Trd, 4318226.993, 94
Trd, 4318227.543, 100
Trd, 4318227.843, 105
Trd, 4318230.143, 94
Trd, 4318232.543, 99
Trd, 4318232.893, 93
Trd, 4318234.043, 93
Trd, 4318234.243, 99
Trd, 4318236.593, 104
Trd, 4318236.893, 99
Trd, 4318237.993, 90
Trd, 4318240.043, 113
Trd, 4318240.643, 94
Trd, 4318241.793, 92
Trd, 4318241.943, 96
Trd, 4318245.993, 97
Trd, 4318246.293, 96
Trd, 4318246.593, 94
Trd, 4318247.193, 113
Trd, 4318247.793, 94
Trd, 4318247.843, 97
Trd, 4318249.743, 94
Trd, 4318253.943, 95
Trd, 4318254.743, 106
Trd, 4318255.043, 108
Trd, 4318255.643, 94
Trd, 4318255.893, 94
Trd, 4318256.793, 102
Trd, 4318257.593, 93
Trd, 4318258.593, 95
Trd, 4318258.693, 92
Trd, 4318262.543, 95
Trd, 4318263.443, 93
Trd, 4318264.943, 92
Trd, 4318267.893, 92
Trd, 4318268.543, 97
Trd, 4318269.293, 94
Trd, 4318269.343, 93
Trd, 4318271.093, 97
Trd, 4318271.893, 113
Trd, 4318272.493, 113
Trd, 4318272.543, 94
Trd, 4318273.243, 102
Trd, 4318274.793, 86
Trd, 4318275.493, 98
Trd, 4318276.593, 95
Trd, 4318276.743, 110
Trd, 4318278.843, 94
Trd, 4318279.743, 104
Trd, 4318280.943, 104
Trd, 4318282.343, 99
Trd, 4318282.493, 94
Trd, 4318285.593, 97
Trd, 4318286.293, 100
Trd, 4318286.943, 68
Trd, 4318287.643, 90
Trd, 4318290.843, 92
Trd, 4318292.393, 90
Trd, 4318292.543, 102
Trd, 4318292.643, 89
Trd, 4318294.643, 88
Trd, 4318295.093, 96
Trd, 4318295.343, 105
Trd, 4318295.793, 87
Trd, 4318300.593, 94
Trd, 4318302.443, 88
Trd, 4318302.943, 87
Trd, 4318304.293, 87
Trd, 4318305.593, 88
Trd, 4318305.643, 92
Trd, 4318309.943, 86
Trd, 4318310.293, 95
Trd, 4318313.043, 90
Trd, 4318313.593, 104
Trd, 4318314.343, 85
Trd, 4318315.543, 91
Trd, 4318316.343, 84
Trd, 4318317.143, 106
Trd, 4318318.243, 96
Trd, 4318318.693, 100
Trd, 4318320.243, 96
Trd, 4318321.643, 104
Trd, 4318321.943, 113
Trd, 4318322.643, 83
Trd, 4318323.143, 95
Trd, 4318325.693, 94
Trd, 4318326.993, 99
Trd, 4318328.343, 99
Trd, 4318328.843, 93
Trd, 4318330.193, 92
Trd, 4318332.093, 101
Trd, 4318333.343, 99
Trd, 4318335.893, 92
Trd, 4318336.343, 96
Trd, 4318336.743, 97
Trd, 4318336.793, 85
Trd, 4318338.793, 88
Trd, 4318339.993, 88
Trd, 4318342.093, 86
Trd, 4318343.043, 95
Trd, 4318344.143, 104
Trd, 4318346.143, 97
Trd, 4318346.693, 90
Trd, 4318347.193, 88
Trd, 4318348.093, 91
Trd, 4318348.293, 109
Trd, 4318351.693, 90
Trd, 4318352.543, 106
Trd, 4318352.743, 114
Trd, 4318353.193, 85
Trd, 4318354.293, 90
Trd, 4318355.293, 102
Trd, 4318356.143, 90
Trd, 4318358.043, 89
Trd, 4318358.743, 87
Trd, 4318360.593, 96
Trd, 4318362.843, 96
Trd, 4318363.143, 88
Trd, 4318365.543, 87
Trd, 4318365.993, 93
Trd, 4318368.343, 102
Trd, 4318368.393, 99
Trd, 4318368.843, 108
Trd, 4318368.893, 98
Trd, 4318370.593, 95
Trd, 4318371.243, 111
Trd, 4318372.543, 99
Trd, 4318373.243, 94
Trd, 4318374.643, 99
Trd, 4318375.093, 96
Trd, 4318377.643, 99
Trd, 4318378.543, 96
Trd, 4318379.293, 104
Trd, 4318380.793, 114
Trd, 4318381.143, 123
Trd, 4318381.643, 95
Trd, 4318382.693, 93
Trd, 4318383.743, 85
Trd, 4318384.443, 88
Trd, 4318385.443, 105
Trd, 4318386.893, 98
Trd, 4318387.043, 85
Trd, 4318389.293, 88
Trd, 4318390.443, 90
Trd, 4318390.693, 108
Trd, 4318390.943, 88
Trd, 4318394.293, 87
Trd, 4318394.893, 87
Trd, 4318396.743, 101
Trd, 4318397.143, 104
Trd, 4318397.793, 86
Trd, 4318401.443, 95
Trd, 4318402.693, 88
Trd, 4318405.943, 97
Trd, 4318406.993, 99
Trd, 4318407.543, 98
Trd, 4318408.243, 108
Trd, 4318409.493, 98
Trd, 4318409.593, 114
Trd, 4318410.293, 97
Trd, 4318411.143, 99
Trd, 4318412.893, 94
Trd, 4318413.443, 95
Trd, 4318413.543, 100
Trd, 4318415.243, 110
Trd, 4318416.293, 115
Trd, 4318416.493, 85
Trd, 4318418.543, 99
Trd, 4318418.793, 93
Trd, 4318419.443, 104
Trd, 4318421.243, 92
Trd, 4318421.943, 98
Trd, 4318422.493, 93
Trd, 4318425.043, 92
Trd, 4318426.593, 101
Trd, 4318426.893, 92
Trd, 4318427.343, 108
Trd, 4318429.793, 91
Trd, 4318430.093, 91
Trd, 4318430.393, 100
Trd, 4318432.443, 91
Trd, 4318433.443, 90
Trd, 4318434.643, 98
Trd, 4318436.843, 116
Trd, 4318437.793, 95
Trd, 4318439.493, 94
Trd, 4318440.093, 93
Trd, 4318441.243, 100
Trd, 4318443.643, 92
Trd, 4318444.543, 92
Trd, 4318444.793, 100
Trd, 4318445.993, 100
Trd, 4318446.193, 104
Trd, 4318447.443, 98
Trd, 4318448.443, 109
Trd, 4318448.693, 96
Trd, 4318452.243, 94
Trd, 4318452.393, 85
Trd, 4318454.293, 100
Trd, 4318456.143, 97
Trd, 4318456.643, 108
Trd, 4318457.393, 114
Trd, 4318457.493, 96
Trd, 4318459.143, 98
Trd, 4318463.043, 100
Trd, 4318463.143, 98
Trd, 4318464.193, 100
Trd, 4318464.293, 96
Trd, 4318465.693, 94
Trd, 4318467.293, 111
Trd, 4318469.193, 101
Trd, 4318469.943, 104
Trd, 4318470.443, 99
Trd, 4318472.393, 100
Trd, 4318473.393, 98
Trd, 4318475.243, 105
Trd, 4318475.293, 98
Trd, 4318475.343, 94
Trd, 4318478.493, 85
Trd, 4318479.193, 99
Trd, 4318479.693, 107
Trd, 4318480.493, 95
Trd, 4318480.893, 93
Trd, 4318482.893, 93
Trd, 4318484.243, 84
Trd, 4318485.293, 91
Trd, 4318486.243, 105
Trd, 4318487.043, 93
Trd, 4318488.043, 94
Trd, 4318488.243, 110
Trd, 4318490.043, 104
Trd, 4318491.543, 101
Trd, 4318492.593, 114
Trd, 4318493.293, 111
Trd, 4318494.593, 111
Trd, 4318495.943, 110
Trd, 4318496.193, 114
Trd, 4318497.543, 100
Trd, 4318497.593, 93
Trd, 4318499.543, 100
Trd, 4318499.993, 100
Trd, 4318501.193, 94
Trd, 4318503.893, 101
Trd, 4318504.893, 98
Trd, 4318506.443, 95
Trd, 4318507.043, 100
Trd, 4318507.343, 104
Trd, 4318507.543, 114
Trd, 4318508.693, 96
Trd, 4318510.093, 96
Trd, 4318512.343, 102
Trd, 4318512.443, 107
Trd, 4318514.443, 94
Trd, 4318515.193, 95
Trd, 4318516.543, 87
Trd, 4318518.343, 94
Trd, 4318519.293, 93
Trd, 4318520.143, 102
Trd, 4318521.143, 93
Trd, 4318521.643, 102
Trd, 4318522.143, 99
Trd, 4318523.643, 97
Trd, 4318524.343, 96
Trd, 4318526.093, 105
Trd, 4318526.243, 97
Trd, 4318526.343, 92
Trd, 4318526.893, 93
Trd, 4318527.893, 86
Trd, 4318529.243, 89
Trd, 4318530.093, 85
Trd, 4318530.543, 84
Trd, 4318531.893, 104
Trd, 4318533.743, 97
Trd, 4318533.793, 110
Trd, 4318535.643, 113
Trd, 4318536.443, 100
Trd, 4318537.493, 87
Trd, 4318537.743, 109
Trd, 4318539.693, 100
Trd, 4318540.343, 102
Trd, 4318542.693, 93
Trd, 4318544.043, 98
Trd, 4318545.243, 92
Trd, 4318545.993, 99
Trd, 4318546.793, 97
Trd, 4318547.793, 97
Trd, 4318548.143, 101
Trd, 4318550.843, 96
Trd, 4318552.343, 97
Trd, 4318552.543, 94
Trd, 4318553.243, 88
Trd, 4318554.293, 92
Trd, 4318555.093, 98
Trd, 4318555.343, 106
Trd, 4318555.893, 123
Trd, 4318557.343, 106
Trd, 4318559.393, 105
Trd, 4318559.743, 106
Trd, 4318561.143, 85
Trd, 4318563.293, 99
Trd, 4318563.893, 95
Trd, 4318565.793, 98
Trd, 4318566.193, 96
Trd, 4318566.493, 104
Trd, 4318566.893, 94
Trd, 4318570.193, 89
Trd, 4318571.993, 97
Trd, 4318572.243, 93
Trd, 4318573.943, 102
Trd, 4318574.243, 104
Trd, 4318577.443, 98
Trd, 4318578.043, 98
Trd, 4318579.443, 97
Trd, 4318579.793, 114
Trd, 4318580.943, 96
Trd, 4318581.343, 94
Trd, 4318583.093, 95
Trd, 4318585.393, 102
Trd, 4318585.843, 95
Trd, 4318586.343, 113
Trd, 4318587.343, 95
Trd, 4318588.843, 103
Trd, 4318591.243, 101
Trd, 4318591.693, 113
Trd, 4318592.043, 99
Trd, 4318592.943, 94
Trd, 4318595.593, 87
Trd, 4318598.043, 96
Trd, 4318600.093, 104
Trd, 4318600.743, 95
Trd, 4318601.843, 104
Trd, 4318601.943, 95
Trd, 4318602.643, 104
Trd, 4318603.543, 99
Trd, 4318607.293, 84
Trd, 4318608.293, 92
Trd, 4318608.843, 99
Trd, 4318609.293, 92
Trd, 4318610.143, 91
Trd, 4318611.943, 97
Trd, 4318613.993, 90
Trd, 4318614.493, 90
Trd, 4318614.543, 91
Trd, 4318614.893, 89
Trd, 4318615.443, 95
Trd, 4318615.593, 108
Trd, 4318618.593, 89
Trd, 4318621.043, 89
Trd, 4318621.493, 100
Trd, 4318622.293, 113
Trd, 4318623.993, 94
Trd, 4318624.543, 93
Trd, 4318625.143, 93
Trd, 4318625.743, 93
Trd, 4318626.293, 90
Trd, 4318626.893, 105
Trd, 4318628.443, 95
Trd, 4318628.693, 90
Trd, 4318630.393, 89
Trd, 4318631.093, 89
Trd, 4318631.393, 85
Trd, 4318632.843, 78
Trd, 4318633.293, 107
Trd, 4318635.393, 92
Trd, 4318635.693, 106
Trd, 4318637.243, 120
Trd, 4318637.943, 91
Trd, 4318638.643, 92
Trd, 4318639.943, 101
Trd, 4318641.743, 92
Trd, 4318643.543, 91
Trd, 4318644.743, 95
Trd, 4318646.343, 90
Trd, 4318647.043, 90
Trd, 4318647.593, 89
Trd, 4318648.443, 95
Trd, 4318650.193, 89
Trd, 4318652.843, 107
Trd, 4318653.693, 97
Trd, 4318654.593, 97
Trd, 4318654.643, 109
Trd, 4318656.743, 93
Trd, 4318656.943, 99
Trd, 4318657.843, 94
Trd, 4318658.343, 94
Trd, 4318659.043, 105
Trd, 4318659.393, 113
Trd, 4318660.893, 99
Trd, 4318662.593, 100
Trd, 4318665.343, 96
Trd, 4318665.943, 111
Trd, 4318666.643, 98
Trd, 4318667.993, 97
Trd, 4318668.043, 95
Trd, 4318669.393, 114
Trd, 4318669.793, 94
Trd, 4318671.393, 104
Trd, 4318671.693, 86
Trd, 4318672.143, 85
Trd, 4318673.793, 91
Trd, 4318674.743, 91
Trd, 4318677.593, 90
Trd, 4318677.693, 84
Trd, 4318678.193, 102
Trd, 4318681.143, 97
Trd, 4318681.393, 105
Trd, 4318682.093, 95
Trd, 4318682.543, 94
Trd, 4318685.143, 95
Trd, 4318687.293, 94
Trd, 4318687.443, 99
Trd, 4318690.993, 113
Trd, 4318691.343, 114
Trd, 4318691.893, 101
Trd, 4318692.543, 100
Trd, 4318694.643, 86
Trd, 4318698.093, 94
Trd, 4318698.293, 95
Trd, 4318698.793, 101
Trd, 4318700.393, 110
Trd, 4318701.793, 113
Trd, 4318704.293, 104
Trd, 4318704.793, 102
Trd, 4318704.843, 100
Trd, 4318705.993, 94
Trd, 4318707.043, 96
Trd, 4318707.493, 102
Trd, 4318709.043, 97
Trd, 4318710.193, 96
Trd, 4318711.843, 95
Trd, 4318712.843, 96
Trd, 4318713.093, 94
Trd, 4318714.843, 98
Trd, 4318715.843, 94
Trd, 4318716.043, 107
Trd, 4318718.893, 99
Trd, 4318719.493, 96
Trd, 4318719.943, 87
Trd, 4318721.693, 99
Trd, 4318722.093, 92
Trd, 4318724.343, 91
Trd, 4318725.343, 86
Trd, 4318726.943, 90
Trd, 4318727.443, 87
Trd, 4318728.143, 92
Trd, 4318730.193, 89
Trd, 4318731.393, 90
Trd, 4318732.093, 96
Trd, 4318732.243, 88
Trd, 4318734.793, 106
Trd, 4318735.143, 102
Trd, 4318736.693, 91
Trd, 4318736.793, 90
Trd, 4318738.143, 96
Trd, 4318738.593, 91
Trd, 4318739.993, 95
Trd, 4318740.193, 90
Trd, 4318744.693, 89
Trd, 4318745.043, 95
Trd, 4318746.093, 95
Trd, 4318747.543, 102
Trd, 4318747.593, 95
Trd, 4318748.743, 95
Trd, 4318749.743, 94
Trd, 4318750.193, 111
Trd, 4318751.793, 100
Trd, 4318753.043, 96
Trd, 4318753.943, 85
Trd, 4318755.493, 93
Trd, 4318756.693, 93
Trd, 4318757.093, 92
Trd, 4318758.593, 99
Trd, 4318760.093, 107
Trd, 4318761.093, 95
Trd, 4318761.843, 96
Trd, 4318762.943, 95
Trd, 4318763.443, 97
Trd, 4318765.643, 104
Trd, 4318765.693, 113
Trd, 4318765.993, 94
Trd, 4318767.493, 94
Trd, 4318770.593, 94
Trd, 4318771.343, 97
Trd, 4318771.943, 98
Trd, 4318773.493, 95
Trd, 4318775.493, 95
Trd, 4318775.643, 94
Trd, 4318776.393, 94
Trd, 4318776.793, 98
Trd, 4318779.093, 95
Trd, 4318780.293, 106
Trd, 4318781.043, 96
Trd, 4318781.543, 97
Trd, 4318782.793, 93
Trd, 4318783.843, 98
Trd, 4318785.543, 95
Trd, 4318786.193, 98
Trd, 4318786.643, 114
Trd, 4318787.643, 94
Trd, 4318789.643, 109
Trd, 4318789.843, 93
Trd, 4318790.843, 114
Trd, 4318791.893, 103
Trd, 4318792.743, 123
Trd, 4318794.193, 94
Trd, 4318795.393, 97
Trd, 4318796.943, 101
Trd, 4318797.993, 97
Trd, 4318800.743, 99
Trd, 4318800.943, 104
Trd, 4318800.993, 94
Trd, 4318801.793, 84
Trd, 4318801.943, 90
Trd, 4318804.293, 91
Trd, 4318804.343, 99
Trd, 4318805.393, 83
Trd, 4318805.893, 103
Trd, 4318807.643, 97
Trd, 4318809.493, 96
Trd, 4318810.343, 95
Trd, 4318812.093, 96
Trd, 4318812.593, 95
Trd, 4318814.343, 96
Trd, 4318815.243, 107
Trd, 4318816.993, 94
Trd, 4318817.893, 93
Trd, 4318818.443, 95
Trd, 4318819.593, 96
Trd, 4318819.743, 94
Trd, 4318820.393, 113
Trd, 4318821.893, 100
Trd, 4318822.593, 101
Trd, 4318823.743, 96
Trd, 4318824.643, 96
Trd, 4318824.793, 106
Trd, 4318825.693, 87
Trd, 4318827.043, 100
Trd, 4318827.193, 93
Trd, 4318828.643, 98
Trd, 4318828.893, 93
Trd, 4318830.843, 92
Trd, 4318831.093, 91
Trd, 4318833.843, 104
Trd, 4318834.393, 91
Trd, 4318834.443, 89
Trd, 4318836.493, 85
Trd, 4318836.943, 98
Trd, 4318838.893, 107
Trd, 4318839.393, 89
Trd, 4318840.793, 99
Trd, 4318840.893, 94
Trd, 4318841.643, 114
Trd, 4318845.543, 98
Trd, 4318847.693, 93
Trd, 4318848.093, 93
Trd, 4318848.293, 97
Trd, 4318849.193, 92
Trd, 4318850.993, 100
Trd, 4318851.443, 99
Trd, 4318852.043, 99
Trd, 4318856.243, 99
Trd, 4318857.043, 94
Trd, 4318858.093, 96
Trd, 4318858.243, 101
Trd, 4318858.393, 113
Trd, 4318860.693, 99
Trd, 4318862.393, 107
Trd, 4318863.293, 102
Trd, 4318865.143, 101
Trd, 4318865.243, 94
Trd, 4318866.293, 105
Trd, 4318866.493, 98
Trd, 4318869.143, 86
Trd, 4318869.393, 92
Trd, 4318871.143, 96
Trd, 4318871.593, 104
Trd, 4318872.243, 94
Trd, 4318873.593, 87
Trd, 4318875.093, 86
Trd, 4318876.593, 85
Trd, 4318878.243, 88
Trd, 4318878.493, 102
Trd, 4318879.793, 103
Trd, 4318881.993, 113
Trd, 4318882.043, 98
Trd, 4318885.443, 97
Trd, 4318885.693, 97
Trd, 4318886.743, 100
Trd, 4318888.243, 84
Trd, 4318888.893, 95
Trd, 4318889.293, 113
Trd, 4318889.643, 93
Trd, 4318892.193, 99
Trd, 4318892.643, 92
Trd, 4318894.843, 91
Trd, 4318895.093, 98
Trd, 4318895.393, 91
Trd, 4318896.793, 98
Trd, 4318898.043, 90
Trd, 4318899.993, 93
Trd, 4318901.743, 92
Trd, 4318901.843, 98
Trd, 4318902.293, 85
Trd, 4318903.293, 101
Trd, 4318904.343, 90
Trd, 4318905.043, 105
Trd, 4318906.593, 93
Trd, 4318907.193, 92
Trd, 4318907.243, 99
Trd, 4318908.793, 92
Trd, 4318911.693, 107
Trd, 4318911.843, 96
Trd, 4318912.543, 113
Trd, 4318913.893, 97
Trd, 4318914.043, 94
Trd, 4318915.743, 103
Trd, 4318918.343, 107
Trd, 4318918.443, 95
Trd, 4318920.393, 93
Trd, 4318922.093, 96
Trd, 4318923.993, 102
Trd, 4318924.843, 104
Trd, 4318925.443, 95
Trd, 4318926.143, 110
Trd, 4318928.843, 101
Trd, 4318929.893, 94
Trd, 4318931.243, 85
Trd, 4318931.893, 94
Trd, 4318932.743, 94
Trd, 4318934.493, 109
Trd, 4318934.843, 93
Trd, 4318937.743, 98
Trd, 4318937.993, 94
Trd, 4318940.043, 93
Trd, 4318940.443, 96
Trd, 4318942.493, 94
Trd, 4318942.893, 96
Trd, 4318943.193, 114
Trd, 4318943.743, 95
Trd, 4318944.693, 94
Trd, 4318945.543, 111
Trd, 4318947.943, 84
Trd, 4318948.343, 89
Trd, 4318949.293, 89
Trd, 4318950.943, 94
Trd, 4318952.993, 99
Trd, 4318953.593, 109
Trd, 4318954.443, 113
Trd, 4318956.643, 92
Trd, 4318956.793, 97
Trd, 4318957.243, 91
Trd, 4318958.343, 101
Trd, 4318958.393, 111
Trd, 4318960.343, 99
Trd, 4318962.093, 97
Trd, 4318962.393, 104
Trd, 4318964.543, 113
Trd, 4318964.593, 95
Trd, 4318965.093, 94
Trd, 4318966.843, 95
Trd, 4318966.993, 99
Trd, 4318968.793, 94
Trd, 4318969.443, 85
Trd, 4318971.093, 89
Trd, 4318971.693, 92
Trd, 4318973.793, 94
Trd, 4318973.843, 104
Trd, 4318974.993, 93
Trd, 4318976.043, 113
Trd, 4318976.493, 104
Trd, 4318977.343, 104
Trd, 4318978.193, 103
Trd, 4318979.543, 85
Trd, 4318980.243, 99
Trd, 4318982.793, 105
Trd, 4318983.143, 94
Trd, 4318983.393, 93
Trd, 4318985.843, 95
Trd, 4318985.993, 98
Trd, 4318987.943, 99
Trd, 4318988.243, 113
Trd, 4318988.443, 98
Trd, 4318990.793, 109
Trd, 4318993.393, 102
Trd, 4318993.493, 101
Trd, 4318994.893, 94
Trd, 4318995.343, 98
Trd, 4318998.193, 98
Trd, 4318999.843, 98
Trd, 4319000.543, 97
Trd, 4319002.943, 94
Trd, 4319003.193, 95
Trd, 4319004.993, 96
Trd, 4319005.343, 94
Trd, 4319005.493, 97
Trd, 4319009.843, 104
Trd, 4319010.893, 93
Trd, 4319011.043, 93
Trd, 4319011.293, 93
Trd, 4319012.043, 113
Trd, 4319015.093, 92
Trd, 4319016.643, 99
Trd, 4319016.893, 91
Trd, 4319018.743, 97
Trd, 4319020.943, 95
Trd, 4319021.043, 95
Trd, 4319023.543, 99
Trd, 4319023.693, 94
Trd, 4319024.093, 93
Trd, 4319025.593, 92
Trd, 4319025.693, 98
Trd, 4319028.093, 91
Trd, 4319029.843, 107
Trd, 4319030.693, 98
Trd, 4319030.943, 90
Trd, 4319032.893, 99
Trd, 4319033.843, 98
Trd, 4319035.293, 90
Trd, 4319035.443, 90
Trd, 4319036.593, 98
Trd, 4319038.243, 88
Trd, 4319039.393, 91
Trd, 4319040.693, 96
Trd, 4319041.993, 91
Trd, 4319043.943, 91
Trd, 4319046.993, 90
Trd, 4319047.093, 95
Trd, 4319047.543, 90
Trd, 4319048.643, 89
Trd, 4319048.993, 104
Trd, 4319051.643, 96
Trd, 4319051.943, 89
Trd, 4319052.643, 105
Trd, 4319053.143, 107
Trd, 4319055.443, 88
Trd, 4319056.093, 87
Trd, 4319058.943, 98
Trd, 4319058.993, 89
Trd, 4319062.593, 96
Trd, 4319063.743, 98
Trd, 4319064.943, 96
Trd, 4319065.093, 123
Trd, 4319065.393, 94
Trd, 4319067.143, 87
Trd, 4319069.093, 92
Trd, 4319069.493, 98
Trd, 4319070.293, 106
Trd, 4319070.343, 117
Trd, 4319070.943, 96
Trd, 4319072.793, 95
Trd, 4319073.243, 94
Trd, 4319076.243, 94
Trd, 4319077.993, 93
Trd, 4319078.593, 91
Trd, 4319078.643, 97
Trd, 4319079.443, 94
Trd, 4319080.843, 102
Trd, 4319082.493, 97
Trd, 4319082.793, 92
Trd, 4319083.193, 93
Trd, 4319085.543, 106
Trd, 4319086.843, 93
Trd, 4319089.693, 94
Trd, 4319089.793, 97
Trd, 4319090.193, 94
Trd, 4319090.543, 106
Trd, 4319091.343, 95
Trd, 4319091.543, 93
Trd, 4319092.593, 114
Trd, 4319093.143, 120
Trd, 4319095.793, 101
Trd, 4319096.393, 100
Trd, 4319096.943, 85
Trd, 4319097.243, 115
Trd, 4319098.443, 106
Trd, 4319099.093, 105
Trd, 4319099.693, 123
Trd, 4319101.393, 94
Trd, 4319102.543, 87
Trd, 4319104.193, 99
Trd, 4319105.793, 99
Trd, 4319106.343, 96
Trd, 4319107.543, 96
Trd, 4319108.593, 93
Trd, 4319108.843, 106
Trd, 4319109.543, 94
Trd, 4319112.293, 107
Trd, 4319112.443, 89
Trd, 4319113.793, 96
Trd, 4319114.893, 95
Trd, 4319116.343, 95
Trd, 4319117.243, 87
Trd, 4319119.693, 93
Trd, 4319120.243, 93
Trd, 4319120.493, 100
Trd, 4319123.043, 98
Trd, 4319124.093, 98
Trd, 4319124.243, 104
Trd, 4319126.193, 106
Trd, 4319128.043, 98
Trd, 4319128.143, 99
Trd, 4319128.643, 98
Trd, 4319128.993, 97
Trd, 4319129.743, 88
Trd, 4319131.493, 95
Trd, 4319131.543, 104
Trd, 4319132.493, 93
Trd, 4319133.093, 93
Trd, 4319135.793, 104
Trd, 4319136.593, 93
Trd, 4319137.543, 98
Trd, 4319138.693, 94
Trd, 4319139.143, 82
Trd, 4319140.243, 104
Trd, 4319140.893, 92
Trd, 4319142.843, 98
Trd, 4319144.793, 99
Trd, 4319145.943, 95
Trd, 4319146.293, 97
Trd, 4319147.343, 94
Trd, 4319151.393, 96
Trd, 4319151.543, 95
Trd, 4319153.143, 108
Trd, 4319153.893, 94
Trd, 4319154.493, 114
Trd, 4319155.443, 94
Trd, 4319156.093, 92
Trd, 4319157.343, 103
Trd, 4319158.293, 93
Trd, 4319161.193, 97
Trd, 4319163.243, 103
Trd, 4319163.793, 96
Trd, 4319164.193, 95
Trd, 4319164.793, 107
Trd, 4319165.493, 94
Trd, 4319166.193, 85
Trd, 4319166.943, 122
Trd, 4319167.243, 91
Trd, 4319168.993, 105
Trd, 4319169.443, 93
Trd, 4319172.193, 93
Trd, 4319172.693, 100
Trd, 4319172.943, 92
Trd, 4319173.943, 92
Trd, 4319177.093, 94
Trd, 4319178.393, 95
Trd, 4319179.843, 95
Trd, 4319183.643, 94
Trd, 4319183.943, 94
Trd, 4319184.443, 93
Trd, 4319184.593, 96
Trd, 4319184.693, 112
Trd, 4319185.643, 103
Trd, 4319187.243, 92
Trd, 4319187.843, 99
Trd, 4319188.743, 93
Trd, 4319189.543, 112
Trd, 4319189.843, 100
Trd, 4319190.093, 85
Trd, 4319190.593, 114
Trd, 4319192.543, 94
Trd, 4319193.443, 93
Trd, 4319194.843, 104
Trd, 4319196.943, 103
Trd, 4319198.793, 94
Trd, 4319199.093, 100
Trd, 4319202.243, 98
Trd, 4319202.293, 101
Trd, 4319203.443, 94
Trd, 4319203.643, 85
Trd, 4319203.743, 101
Trd, 4319204.543, 112
Trd, 4319206.843, 104
Trd, 4319208.093, 105
Trd, 4319208.543, 94
Trd, 4319209.443, 96
Trd, 4319211.243, 95
Trd, 4319212.493, 91
Trd, 4319212.943, 96
Trd, 4319215.043, 94
Trd, 4319215.193, 104
Trd, 4319215.243, 113
Trd, 4319215.393, 123
Trd, 4319216.343, 86
Trd, 4319218.043, 90
Trd, 4319218.143, 85
Trd, 4319221.343, 88
Trd, 4319222.993, 91
Trd, 4319223.793, 91
Trd, 4319224.393, 105
Trd, 4319224.443, 118
Trd, 4319224.943, 87
Trd, 4319226.443, 85
Trd, 4319227.293, 122
Trd, 4319227.493, 112
Trd, 4319229.243, 100
Trd, 4319230.643, 99
Trd, 4319231.343, 104
Trd, 4319232.493, 86
Trd, 4319233.993, 88
Trd, 4319236.793, 92
Trd, 4319237.443, 89
Trd, 4319238.443, 100
Trd, 4319240.943, 113
Trd, 4319241.293, 99
Trd, 4319242.293, 107
Trd, 4319243.043, 99
Trd, 4319243.793, 94
Trd, 4319245.493, 106
Trd, 4319245.943, 100
Trd, 4319246.093, 97
Trd, 4319247.043, 94
Trd, 4319247.793, 109
Trd, 4319248.993, 96
Trd, 4319249.143, 95
Trd, 4319250.743, 88
Trd, 4319251.343, 100
Trd, 4319253.393, 104
Trd, 4319255.243, 96
Trd, 4319256.093, 95
Trd, 4319256.643, 97
Trd, 4319257.343, 94
Trd, 4319258.543, 77
Trd, 4319259.793, 107
Trd, 4319260.143, 91
Trd, 4319263.293, 95
Trd, 4319263.793, 93
Trd, 4319263.893, 92
Trd, 4319264.443, 114
Trd, 4319265.093, 104
Trd, 4319266.493, 91
Trd, 4319266.993, 90
Trd, 4319268.343, 94
Trd, 4319269.043, 107
Trd, 4319271.293, 91
Trd, 4319273.693, 91
Trd, 4319274.343, 90
Trd, 4319275.593, 95
Trd, 4319275.843, 90
Trd, 4319277.293, 89
Trd, 4319277.443, 87
Trd, 4319280.343, 87
Trd, 4319280.493, 89
Trd, 4319282.193, 112
Trd, 4319282.643, 114
Trd, 4319285.793, 87
Trd, 4319286.193, 90
Trd, 4319286.493, 87
Trd, 4319288.993, 86
Trd, 4319290.693, 87
Trd, 4319291.243, 86
Trd, 4319292.293, 87
Trd, 4319292.743, 106
Trd, 4319293.543, 86
Trd, 4319295.243, 88
Trd, 4319297.743, 85
Trd, 4319299.543, 89
Trd, 4319300.893, 86
Trd, 4319301.843, 85
Trd, 4319304.043, 94
Trd, 4319304.193, 100
Trd, 4319304.693, 107
Trd, 4319305.593, 90
Trd, 4319307.043, 93
Trd, 4319307.243, 88
Trd, 4319307.593, 85
Trd, 4319308.093, 115
Trd, 4319311.393, 109
Trd, 4319312.443, 112
Trd, 4319312.593, 102
Trd, 4319312.943, 99
Trd, 4319313.193, 102
Trd, 4319313.893, 98
Trd, 4319315.393, 94
Trd, 4319319.193, 98
Trd, 4319319.343, 97
Trd, 4319321.093, 84
Trd, 4319322.743, 99
Trd, 4319323.143, 112
Trd, 4319323.443, 98
Trd, 4319324.693, 99
Trd, 4319326.443, 104
Trd, 4319328.343, 117
Trd, 4319329.493, 104
Trd, 4319330.593, 100
Trd, 4319330.893, 94
Trd, 4319331.693, 103
Trd, 4319332.493, 100
Trd, 4319332.943, 106
Trd, 4319334.193, 96
Trd, 4319336.193, 104
Trd, 4319336.343, 112
Trd, 4319337.393, 94
Trd, 4319338.393, 115
Trd, 4319339.443, 96
Trd, 4319341.093, 106
Trd, 4319343.743, 96
Trd, 4319344.943, 94
Trd, 4319346.293, 98
Trd, 4319346.593, 101
Trd, 4319350.093, 94
Trd, 4319350.393, 92
Trd, 4319351.843, 88
Trd, 4319351.943, 104
Trd, 4319352.743, 108
Trd, 4319354.093, 85
Trd, 4319355.593, 111
Trd, 4319355.693, 116
Trd, 4319357.043, 100
Trd, 4319358.693, 100
Trd, 4319359.043, 99
Trd, 4319361.093, 94
Trd, 4319362.543, 102
Trd, 4319364.443, 85
Trd, 4319366.243, 90
Trd, 4319367.693, 87
Trd, 4319368.093, 92
Trd, 4319368.593, 91
Trd, 4319369.343, 92
Trd, 4319369.643, 84
Trd, 4319371.843, 93
Trd, 4319372.143, 115
Trd, 4319373.743, 90
Trd, 4319374.693, 104
Trd, 4319376.043, 90
Trd, 4319376.843, 89
Trd, 4319377.143, 91
Trd, 4319378.143, 98
Trd, 4319379.143, 114
Trd, 4319381.143, 90
Trd, 4319381.443, 104
Trd, 4319382.593, 76
Trd, 4319384.343, 87
Trd, 4319386.593, 90
Trd, 4319386.943, 83
Trd, 4319390.143, 99
Trd, 4319390.393, 104
Trd, 4319390.843, 93
Trd, 4319391.193, 93
Trd, 4319392.743, 93
Trd, 4319393.593, 85
Trd, 4319393.643, 94
Trd, 4319394.393, 114
Trd, 4319394.843, 122
Trd, 4319396.343, 88
Trd, 4319397.693, 88
Trd, 4319399.643, 95
Trd, 4319399.793, 117
Trd, 4319400.893, 90
Trd, 4319401.943, 90
Trd, 4319405.893, 95
Trd, 4319407.943, 103
Trd, 4319408.593, 89
Trd, 4319408.743, 89
Trd, 4319408.893, 89
Trd, 4319409.343, 104
Trd, 4319410.893, 98
Trd, 4319412.143, 88
Trd, 4319412.943, 85
Trd, 4319417.293, 92
Trd, 4319417.543, 92
Trd, 4319418.093, 115
Trd, 4319418.693, 85
Trd, 4319420.543, 99
Trd, 4319421.943, 98
Trd, 4319423.393, 92
Trd, 4319423.643, 84
Trd, 4319424.243, 97
Trd, 4319425.743, 97
Trd, 4319426.543, 108
Trd, 4319427.143, 95
Trd, 4319429.293, 102
Trd, 4319429.843, 124
Trd, 4319430.093, 104
Trd, 4319432.493, 103
Trd, 4319432.893, 94
Trd, 4319432.943, 118
Trd, 4319434.543, 101
Trd, 4319434.793, 100
Trd, 4319436.993, 98
Trd, 4319437.993, 94
Trd, 4319438.793, 104
Trd, 4319439.993, 101
Trd, 4319442.093, 100
Trd, 4319442.143, 98
Trd, 4319443.143, 97
Trd, 4319444.293, 99
Trd, 4319445.343, 95
Trd, 4319445.543, 85
Trd, 4319448.043, 85
Trd, 4319448.543, 88
Trd, 4319448.893, 93
Trd, 4319449.093, 90
Trd, 4319449.593, 113
Trd, 4319451.293, 88
Trd, 4319452.793, 96
Trd, 4319452.843, 85
Trd, 4319455.143, 92
Trd, 4319457.143, 96
Trd, 4319457.593, 95
Trd, 4319457.893, 106
Trd, 4319458.593, 94
Trd, 4319459.993, 103
Trd, 4319460.843, 93
Trd, 4319462.093, 103
Trd, 4319462.493, 93
Trd, 4319463.393, 104
Trd, 4319466.343, 101
Trd, 4319466.793, 93
Trd, 4319469.243, 86
Trd, 4319469.743, 99
Trd, 4319471.293, 93
Trd, 4319473.443, 96
Trd, 4319474.343, 92
Trd, 4319475.293, 106
Trd, 4319475.843, 101
Trd, 4319476.993, 101
Trd, 4319477.893, 99
Trd, 4319478.643, 100
Trd, 4319479.593, 99
Trd, 4319482.693, 104
Trd, 4319482.793, 94
Trd, 4319483.243, 97
Trd, 4319484.893, 84
Trd, 4319485.293, 79
Trd, 4319486.643, 97
Trd, 4319487.743, 104
Trd, 4319489.243, 109
Trd, 4319491.193, 108
Trd, 4319492.043, 103
Trd, 4319492.593, 93
Trd, 4319493.293, 97
Trd, 4319494.643, 103
Trd, 4319494.943, 96
Trd, 4319495.693, 106
Trd, 4319496.093, 94
Trd, 4319498.893, 93
Trd, 4319499.893, 104
Trd, 4319499.993, 88
Trd, 4319501.493, 96
Trd, 4319502.143, 106
Trd, 4319502.493, 84
Trd, 4319503.993, 77
Trd, 4319505.393, 113
Trd, 4319507.193, 87
Trd, 4319509.593, 87
Trd, 4319511.193, 87
Trd, 4319511.693, 90
Trd, 4319512.443, 90
Trd, 4319516.443, 87
Trd, 4319517.543, 86
Trd, 4319517.743, 89
Trd, 4319520.743, 85
Trd, 4319520.793, 85
Trd, 4319521.143, 89
Trd, 4319522.393, 105
Trd, 4319523.293, 84
Trd, 4319523.593, 110
Trd, 4319524.193, 101
Trd, 4319526.093, 94
Trd, 4319526.743, 96
Trd, 4319528.143, 113
Trd, 4319530.593, 104
Trd, 4319530.843, 94
Trd, 4319533.243, 97
Trd, 4319533.743, 94
Trd, 4319533.993, 93
Trd, 4319534.393, 83
Trd, 4319536.243, 109
Trd, 4319536.793, 91
Trd, 4319538.293, 100
Trd, 4319539.393, 90
Trd, 4319540.343, 97
Trd, 4319541.343, 89
Trd, 4319541.743, 97
Trd, 4319543.293, 106
Trd, 4319544.393, 92
Trd, 4319546.093, 92
Trd, 4319546.193, 92
Trd, 4319547.443, 96
Trd, 4319548.443, 92
Trd, 4319549.643, 99
Trd, 4319551.093, 105
Trd, 4319552.143, 96
Trd, 4319552.993, 93
Trd, 4319553.443, 114
Trd, 4319553.843, 103
Trd, 4319559.493, 101
Trd, 4319559.643, 99
Trd, 4319560.043, 106
Trd, 4319560.093, 94
Trd, 4319561.643, 105
Trd, 4319562.243, 98
Trd, 4319563.343, 87
Trd, 4319564.493, 94
Trd, 4319566.343, 108
Trd, 4319566.443, 95
Trd, 4319567.343, 93
Trd, 4319568.693, 101
Trd, 4319569.893, 92
Trd, 4319571.593, 114
Trd, 4319572.193, 104
Trd, 4319573.043, 115
Trd, 4319573.143, 100
Trd, 4319574.143, 116
Trd, 4319575.443, 108
Trd, 4319577.143, 105
Trd, 4319577.243, 100
Trd, 4319578.393, 98
Trd, 4319580.743, 105
Trd, 4319581.343, 94
Trd, 4319581.693, 85
Trd, 4319582.793, 87
Trd, 4319583.693, 105
Trd, 4319584.843, 93
Trd, 4319585.393, 101
Trd, 4319585.843, 105
Trd, 4319586.493, 91
Trd, 4319586.843, 99
Trd, 4319588.593, 97
Trd, 4319595.693, 92
Trd, 4319596.093, 96
Trd, 4319597.443, 92
Trd, 4319598.493, 91
Trd, 4319598.643, 107
Trd, 4319600.493, 91
Trd, 4319600.743, 90
Trd, 4319601.793, 95
Trd, 4319602.143, 95
Trd, 4319602.943, 104
Trd, 4319603.093, 90
Trd, 4319605.043, 92
Trd, 4319606.643, 91
Trd, 4319608.443, 95
Trd, 4319608.793, 91
Trd, 4319611.093, 96
Trd, 4319612.093, 86
Trd, 4319612.843, 87
Trd, 4319613.493, 92
Trd, 4319614.893, 93
Trd, 4319616.293, 92
Trd, 4319620.093, 110
Trd, 4319620.343, 99
Trd, 4319620.793, 116
Trd, 4319621.043, 97
Trd, 4319621.693, 94
Trd, 4319622.593, 99
Trd, 4319623.393, 109
Trd, 4319625.993, 100
Trd, 4319626.643, 99
Trd, 4319626.793, 94
Trd, 4319627.193, 101
Trd, 4319629.043, 101
Trd, 4319630.293, 96
Trd, 4319631.743, 101
Trd, 4319633.143, 95
Trd, 4319635.893, 105
Trd, 4319636.093, 114
Trd, 4319636.443, 102
Trd, 4319636.693, 101
Trd, 4319636.843, 94
Trd, 4319640.093, 102
Trd, 4319640.493, 103
Trd, 4319640.793, 97
Trd, 4319641.143, 93
Trd, 4319643.543, 94
Trd, 4319646.393, 103
Trd, 4319647.243, 99
Trd, 4319648.743, 96
Trd, 4319649.543, 94
Trd, 4319651.643, 106
Trd, 4319652.393, 93
Trd, 4319653.043, 92
Trd, 4319656.193, 101
Trd, 4319656.493, 101
Trd, 4319657.093, 100
Trd, 4319658.043, 110
Trd, 4319658.893, 94
Trd, 4319660.493, 102
Trd, 4319663.443, 97
Trd, 4319663.593, 104
Trd, 4319664.293, 98
Trd, 4319665.743, 102
Trd, 4319667.093, 99
Trd, 4319667.693, 101
Trd, 4319668.243, 104
Trd, 4319671.043, 94
Trd, 4319671.443, 99
Trd, 4319672.493, 93
Trd, 4319672.743, 101
Trd, 4319676.243, 98
Trd, 4319678.343, 104
Trd, 4319678.993, 109
Trd, 4319679.193, 98
Trd, 4319679.493, 94
Trd, 4319680.993, 102
Trd, 4319681.493, 94
Trd, 4319684.343, 98
Trd, 4319685.993, 98
Trd, 4319686.143, 97
Trd, 4319686.243, 117
Trd, 4319687.043, 94
Trd, 4319687.493, 107
Trd, 4319690.893, 87
Trd, 4319691.243, 97
Trd, 4319692.193, 85
Trd, 4319693.543, 91
Trd, 4319694.493, 103
Trd, 4319695.293, 97
Trd, 4319696.243, 98
Trd, 4319697.293, 94
Trd, 4319699.643, 95
Trd, 4319701.243, 109
Trd, 4319702.493, 102
Trd, 4319702.743, 101
Trd, 4319703.693, 94
Trd, 4319704.043, 114
Trd, 4319706.043, 114
Trd, 4319706.443, 98
Trd, 4319706.743, 85
Trd, 4319707.143, 93
Trd, 4319707.893, 93
Trd, 4319708.893, 103
Trd, 4319710.793, 96
Trd, 4319711.443, 118
Trd, 4319711.793, 102
Trd, 4319712.243, 92
Trd, 4319712.493, 84
Trd, 4319714.493, 86
Trd, 4319714.993, 96
Trd, 4319718.343, 91
Trd, 4319718.643, 90
Trd, 4319719.643, 98
Trd, 4319720.043, 89
Trd, 4319721.643, 94
Trd, 4319722.293, 95
Trd, 4319723.893, 90
Trd, 4319725.093, 91
Trd, 4319727.243, 116
Trd, 4319728.393, 91
Trd, 4319728.643, 90
Trd, 4319730.893, 91
Trd, 4319731.543, 89
Trd, 4319733.193, 94
Trd, 4319736.543, 90
Trd, 4319737.043, 89
Trd, 4319737.143, 107
Trd, 4319737.893, 116
Trd, 4319740.193, 100
Trd, 4319741.293, 95
Trd, 4319743.593, 93
Trd, 4319743.893, 100
Trd, 4319747.193, 105
Trd, 4319747.393, 99
Trd, 4319749.343, 100
Trd, 4319750.193, 107
Trd, 4319750.493, 94
Trd, 4319751.043, 103
Trd, 4319751.843, 98
Trd, 4319754.543, 93
Trd, 4319754.943, 85
Trd, 4319755.293, 116
Trd, 4319758.393, 101
Trd, 4319758.443, 99
Trd, 4319760.143, 99
Trd, 4319762.593, 97
Trd, 4319762.843, 102
Trd, 4319763.243, 94
Trd, 4319764.043, 111
Trd, 4319765.143, 93
Trd, 4319765.293, 103
Trd, 4319766.093, 112
Trd, 4319768.143, 107
Trd, 4319768.293, 93
Trd, 4319769.593, 93
Trd, 4319770.443, 93
Trd, 4319771.893, 113
Trd, 4319771.993, 118
Trd, 4319772.543, 108
Trd, 4319774.193, 92
Trd, 4319775.993, 92
Trd, 4319776.593, 96
Trd, 4319777.593, 110
Trd, 4319778.143, 114
Trd, 4319779.043, 107
Trd, 4319780.293, 104
Trd, 4319781.093, 101
Trd, 4319782.043, 98
Trd, 4319782.493, 91
Trd, 4319785.193, 104
Trd, 4319785.543, 98
Trd, 4319787.843, 97
Trd, 4319789.143, 85
Trd, 4319789.343, 87
Trd, 4319789.393, 115
Trd, 4319791.343, 102
Trd, 4319791.693, 103
Trd, 4319792.143, 107
Trd, 4319792.743, 94
Trd, 4319796.743, 103
Trd, 4319798.143, 104
Trd, 4319798.943, 99
Trd, 4319799.293, 98
Trd, 4319800.643, 104
Trd, 4319801.593, 106
Trd, 4319802.043, 90
Trd, 4319803.693, 107
Trd, 4319804.643, 94
Trd, 4319805.143, 114
Trd, 4319805.643, 97
Trd, 4319806.243, 96
Trd, 4319807.743, 108
Trd, 4319808.243, 93
Trd, 4319809.343, 93
Trd, 4319812.343, 92
Trd, 4319813.493, 87
Trd, 4319815.443, 85
Trd, 4319816.493, 96
Trd, 4319817.293, 99
Trd, 4319818.193, 121
Trd, 4319821.793, 106
Trd, 4319821.993, 102
Trd, 4319822.043, 94
Trd, 4319823.043, 87
Trd, 4319823.843, 95
Trd, 4319825.943, 103
Trd, 4319826.443, 104
Trd, 4319827.643, 94
Trd, 4319828.793, 92
Trd, 4319829.643, 84
Trd, 4319830.843, 106
Trd, 4319832.243, 102
Trd, 4319834.393, 98
Trd, 4319834.693, 94
Trd, 4319835.393, 87
Trd, 4319837.293, 89
Trd, 4319837.743, 111
Trd, 4319838.593, 113
Trd, 4319839.843, 93
Trd, 4319840.043, 92
Trd, 4319841.693, 91
Trd, 4319846.443, 100
Trd, 4319846.843, 95
Trd, 4319847.443, 97
Trd, 4319847.643, 92
Trd, 4319850.143, 103
Trd, 4319851.143, 100
Trd, 4319851.343, 104
Trd, 4319851.743, 113
Trd, 4319852.293, 99
Trd, 4319853.043, 94
Trd, 4319855.393, 101
Trd, 4319857.143, 113
Trd, 4319857.543, 88
Trd, 4319859.643, 94
Trd, 4319861.843, 93
Trd, 4319862.793, 92
Trd, 4319863.743, 94
Trd, 4319863.843, 95
Trd, 4319864.593, 110
Trd, 4319865.293, 114
Trd, 4319865.843, 95
Trd, 4319870.393, 95
Trd, 4319871.043, 97
Trd, 4319871.743, 99
Trd, 4319871.843, 93
Trd, 4319873.093, 105
Trd, 4319873.743, 100
Trd, 4319873.893, 98
Trd, 4319874.393, 100
Trd, 4319874.593, 95
Trd, 4319876.843, 76
Trd, 4319879.943, 93
Trd, 4319881.743, 97
Trd, 4319882.593, 108
Trd, 4319883.243, 90
Trd, 4319884.393, 99
Trd, 4319884.793, 95
Trd, 4319888.293, 94
Trd, 4319888.443, 85
Trd, 4319888.593, 98
Trd, 4319891.343, 89
Trd, 4319891.693, 90
Trd, 4319892.243, 92
Trd, 4319894.193, 89
Trd, 4319894.693, 86
Trd, 4319897.743, 92
Trd, 4319897.843, 109
Trd, 4319899.893, 91
Trd, 4319900.393, 90
Trd, 4319901.043, 94
Trd, 4319902.393, 89
Trd, 4319904.293, 92
Trd, 4319904.343, 112
Trd, 4319904.843, 85
Trd, 4319907.193, 111
Trd, 4319908.493, 98
Trd, 4319909.693, 99
Trd, 4319911.493, 98
Trd, 4319912.593, 99
Trd, 4319912.643, 110
Trd, 4319912.843, 113
Trd, 4319914.493, 94
Trd, 4319915.043, 97
Trd, 4319916.943, 103
Trd, 4319917.143, 119
Trd, 4319919.093, 94
Trd, 4319919.793, 92
Trd, 4319919.993, 105
Trd, 4319923.343, 91
Trd, 4319924.943, 95
Trd, 4319924.993, 93
Trd, 4319926.643, 95
Trd, 4319927.093, 91
Trd, 4319928.493, 130
Trd, 4319929.443, 104
Trd, 4319930.293, 92
Trd, 4319930.593, 90
Trd, 4319932.343, 107
Trd, 4319932.693, 106
Trd, 4319932.743, 113
Trd, 4319934.543, 103
Trd, 4319935.543, 95
Trd, 4319937.493, 99
Trd, 4319939.343, 105
Trd, 4319940.543, 99
Trd, 4319941.343, 105
Trd, 4319943.393, 104
Trd, 4319943.693, 100
Trd, 4319944.493, 99
Trd, 4319945.193, 99
Trd, 4319946.543, 97
Trd, 4319947.643, 94
Trd, 4319949.093, 78
Trd, 4319949.943, 95
Trd, 4319952.743, 91
Trd, 4319953.343, 105
Trd, 4319954.193, 88
Trd, 4319956.143, 89
Trd, 4319956.343, 89
Trd, 4319957.543, 88
Trd, 4319959.243, 88
Trd, 4319960.743, 96
Trd, 4319961.743, 95
Trd, 4319962.243, 95
Trd, 4319963.793, 89
Trd, 4319966.893, 92
Trd, 4319967.143, 89
Trd, 4319968.793, 88
Trd, 4319969.543, 100
Trd, 4319970.293, 88
Trd, 4319972.143, 92
Trd, 4319973.193, 90
Trd, 4319974.393, 96
Trd, 4319976.543, 93
Trd, 4319978.393, 85
Trd, 4319980.043, 89
Trd, 4319980.693, 89
Trd, 4319981.093, 92
Trd, 4319982.293, 82
Trd, 4319983.393, 87
Trd, 4319984.743, 84
Trd, 4319986.443, 100
Trd, 4319987.193, 80
Trd, 4319987.543, 88
Trd, 4319989.743, 101
Trd, 4319990.243, 88
Trd, 4319991.243, 104
Trd, 4319992.293, 90
Trd, 4319992.693, 87
Trd, 4319994.943, 87
Trd, 4319995.793, 90
Trd, 4319997.693, 94
Trd, 4319998.843, 93
Trd, 4319999.193, 85
